[
	{
		"block": "biomesoplenty:mushroom:3",
		"distrib": "0,0.0;10,0.0;11,1.0416667E-4;12,5.2083335E-5;13,1.0416667E-4;14,0.0;15,5.2083335E-5;16,5.2083335E-5;17,1.5625E-4;18,1.5625E-4;19,1.0416667E-4;20,1.5625E-4;21,0.0;22,5.2083335E-5;23,1.5625E-4;24,5.2083335E-5;25,1.5625E-4;26,5.2083335E-5;27,1.5625E-4;28,0.0;29,1.5625E-4;30,5.2083335E-5;31,0.0;33,0.0;34,5.2083335E-5;35,0.0;36,0.0;37,5.2083335E-5;38,5.2083335E-5;39,0.0;40,5.2083335E-5;41,0.0;45,0.0;46,1.5625E-4;47,0.0;49,0.0;50,1.5625E-4;51,0.0;55,0.0;56,5.2083335E-5;57,0.0;",
		"dropsList": [
			{
				"itemStack": "biomesoplenty:mushroom:3",
				"fortunes": {
					"0": 1.0,
					"1": 1.0,
					"2": 1.0,
					"3": 1.0
				}
			}
		],
		"silktouch": false,
		"dim": "Overworld"
	},
	{
		"block": "minecraft:water:0",
		"distrib": "0,0.0;9,0.0;10,0.0013541667;11,0.0032291666;12,0.0;13,0.0;14,5.2083335E-5;15,0.0;16,5.2083335E-5;17,0.0;19,0.0;20,5.2083335E-5;21,0.0;22,5.2083335E-5;23,0.0;24,5.2083335E-5;25,0.0;26,1.0416667E-4;27,5.2083335E-5;28,0.0;29,0.0;30,4.6875E-4;31,0.0014583333;32,0.0025520832;33,0.00375;34,0.00734375;35,0.008854167;36,0.013541667;37,0.020208333;38,0.029583333;39,0.04703125;40,0.09984375;41,0.1225;42,0.14130208;43,0.15505208;44,0.16682291;45,0.17979167;46,0.19161458;47,0.20208333;48,0.0028125;49,0.00515625;50,0.0018229167;51,0.0026041667;52,0.00484375;53,0.00921875;54,0.010052083;55,0.015;56,0.036875;57,0.05140625;58,0.058854166;59,0.07239583;60,0.08598959;61,0.10479166;62,0.12822917;63,0.0;73,0.0;74,1.5625E-4;75,6.770833E-4;76,0.0013020834;77,0.0;87,0.0;88,6.25E-4;89,0.00203125;90,0.0052083335;91,0.0;140,0.0;141,0.00140625;142,0.0032291666;143,0.0;",
		"silktouch": false,
		"dim": "Overworld"
	},
	{
		"block": "minecraft:bedrock:0",
		"distrib": "0,1.0;1,0.79859376;2,0.5969271;3,0.40546876;4,0.1990625;5,0.0;",
		"silktouch": true,
		"dim": "Overworld"
	},
	{
		"block": "minecraft:snow:0",
		"distrib": "0,0.0;74,0.0;75,5.2083335E-5;77,5.2083335E-5;78,1.5625E-4;79,2.0833334E-4;80,1.0416667E-4;81,1.5625E-4;82,1.5625E-4;83,2.0833334E-4;84,2.6041668E-4;85,3.125E-4;86,4.1666668E-4;87,4.1666668E-4;88,4.6875E-4;89,5.7291664E-4;90,7.2916667E-4;91,7.2916667E-4;92,7.8125E-4;93,8.3333335E-4;94,8.854167E-4;95,9.375E-4;96,0.0010416667;97,0.0011979167;98,0.0013020834;99,0.0011979167;100,0.00140625;101,0.0015104166;102,0.0016666667;103,0.001875;104,0.0019791666;105,0.0018229167;106,0.00203125;107,0.0019791666;108,0.0019791666;109,0.0019270834;110,0.0019270834;111,0.0020833334;112,0.00203125;113,0.0021875;114,0.0022395833;115,0.0022916666;116,0.0023958334;117,0.0028125;118,0.00296875;119,0.0030208332;120,0.0030208332;121,0.00328125;122,0.0033333334;123,0.003125;124,0.0038020834;125,0.0039583333;126,0.0034375;127,0.00359375;128,0.0036458333;129,0.00359375;130,0.0036979166;131,0.0040104166;132,0.0040104166;133,0.0038541667;134,0.0038020834;135,0.00421875;136,0.004166667;137,0.00453125;138,0.0048958333;139,0.0046354164;140,0.00453125;141,0.0048958333;142,0.005;143,0.0053125;144,0.005729167;145,0.005989583;146,0.005729167;147,0.005989583;148,0.0061458335;149,0.0065104165;150,0.0067708334;151,0.0068229167;152,0.0072916667;153,0.0067708334;154,0.0072395834;155,0.0073958333;156,0.0077604167;157,0.007864583;158,0.008333334;159,0.008333334;160,0.008072916;161,0.00828125;162,0.0086458335;163,0.008489584;164,0.00859375;165,0.00875;166,0.008802083;167,0.008333334;168,0.008854167;169,0.0090625;170,0.009166666;171,0.009010416;172,0.0090625;173,0.009270833;174,0.009895833;175,0.0095833335;176,0.009635417;177,0.010625;178,0.011041666;179,0.012291667;180,0.0134375;181,0.014010416;182,0.01484375;183,0.01640625;184,0.017864583;185,0.01953125;186,0.019895833;187,0.022916667;188,0.027916666;189,0.055729166;190,0.07833333;191,0.10270833;192,0.0;",
		"dropsList": [
			{
				"itemStack": "minecraft:snowball:0",
				"fortunes": {
					"0": 4.0,
					"1": 4.0,
					"2": 4.0,
					"3": 4.0
				}
			}
		],
		"silktouch": true,
		"dim": "Overworld"
	},
	{
		"block": "minecraft:reeds:0",
		"distrib": "0,0.0;62,0.0;63,5.2083335E-5;64,0.0;",
		"dropsList": [
			{
				"itemStack": "minecraft:reeds:0",
				"fortunes": {
					"0": 1.0,
					"1": 1.0,
					"2": 1.0,
					"3": 1.0
				}
			}
		],
		"silktouch": false,
		"dim": "Overworld"
	},
	{
		"block": "minecraft:iron_ore:0",
		"distrib": "0,0.0;1,0.0025;2,0.0046354164;3,0.0060416665;4,0.0069270832;5,0.0084375;6,0.009114583;7,0.008541667;8,0.009427084;9,0.008333334;10,0.008854167;11,0.008489584;12,0.007135417;13,0.0078125;14,0.008229166;15,0.008541667;16,0.007864583;17,0.0090625;18,0.00765625;19,0.0067708334;20,0.006458333;21,0.0086458335;22,0.00765625;23,0.008697917;24,0.0075;25,0.007864583;26,0.009479167;27,0.0073958333;28,0.0068229167;29,0.008229166;30,0.008697917;31,0.007864583;32,0.00765625;33,0.008854167;34,0.010625;35,0.008333334;36,0.0073958333;37,0.010416667;38,0.01078125;39,0.009479167;40,0.005520833;41,0.0047916668;42,0.0070833336;43,0.00796875;44,0.00609375;45,0.005;46,0.0053125;47,0.0036458333;48,0.0025;49,0.004114583;50,0.00515625;51,0.0053645833;52,0.0040625;53,0.0059375;54,0.0040625;55,0.0014583333;56,0.0039583333;57,0.00453125;58,0.0049479166;59,0.0060416665;60,0.0040625;61,0.0022395833;62,0.00125;63,5.2083335E-5;64,0.0;",
		"dropsList": [
			{
				"itemStack": "minecraft:iron_ore:0",
				"fortunes": {
					"0": 1.0,
					"1": 1.0,
					"2": 1.0,
					"3": 1.0
				}
			}
		],
		"silktouch": true,
		"dim": "Overworld"
	},
	{
		"block": "minecraft:lapis_ore:0",
		"distrib": "0,0.0;1,5.2083335E-5;2,1.5625E-4;3,4.1666668E-4;4,2.6041668E-4;5,5.2083336E-4;6,5.2083336E-4;7,7.8125E-4;8,8.3333335E-4;9,7.8125E-4;10,4.1666668E-4;11,4.6875E-4;12,0.0013020834;13,9.895833E-4;14,8.3333335E-4;15,5.7291664E-4;16,6.770833E-4;17,0.0010416667;18,6.770833E-4;19,7.2916667E-4;20,5.2083335E-5;21,3.125E-4;22,5.2083336E-4;23,4.6875E-4;24,2.6041668E-4;25,0.0;27,0.0;28,4.1666668E-4;29,0.0;",
		"dropsList": [
			{
				"itemStack": "minecraft:dye:4",
				"fortunes": {
					"0": 6.0346,
					"1": 7.9784,
					"2": 10.5864,
					"3": 13.1052
				}
			}
		],
		"silktouch": true,
		"dim": "Overworld"
	},
	{
		"block": "minecraft:snow_layer:0",
		"distrib": "0,0.0;67,0.0;68,1.0416667E-4;69,0.0025;70,0.005729167;71,0.01078125;72,0.0051041665;73,0.0039583333;74,0.0033854167;75,0.0030208332;76,0.0030729168;77,0.0029166667;78,0.0040104166;79,0.010260417;80,0.0023958334;81,0.0026041667;82,0.0019270834;83,0.0022916666;84,0.005520833;85,0.0036979166;86,0.0034375;87,0.0030729168;88,0.0021354167;89,7.8125E-4;90,0.00109375;91,0.0013020834;92,0.00171875;93,0.0011458333;94,0.0014583333;95,0.0015104166;96,0.001875;97,0.0016666667;98,0.0017708334;99,0.0030208332;100,0.0016666667;101,0.001875;102,0.0015104166;103,0.00125;104,0.00125;105,0.0016666667;106,0.0010416667;107,0.0011458333;108,0.0011979167;109,0.0011458333;110,9.895833E-4;111,8.3333335E-4;112,0.0010416667;113,4.1666668E-4;114,7.8125E-4;115,5.7291664E-4;116,6.25E-4;117,8.854167E-4;118,4.6875E-4;119,6.770833E-4;120,7.8125E-4;121,5.7291664E-4;122,7.2916667E-4;123,8.854167E-4;124,5.7291664E-4;125,9.375E-4;126,9.375E-4;127,3.125E-4;128,7.2916667E-4;129,6.770833E-4;130,9.375E-4;131,6.25E-4;132,5.2083336E-4;133,0.0010416667;134,4.6875E-4;135,5.7291664E-4;136,7.2916667E-4;137,7.2916667E-4;138,3.6458333E-4;139,9.895833E-4;140,7.2916667E-4;141,5.2083336E-4;142,7.2916667E-4;143,6.770833E-4;144,7.2916667E-4;145,6.770833E-4;146,0.0010416667;147,6.25E-4;148,6.25E-4;149,6.770833E-4;150,9.895833E-4;151,8.854167E-4;152,6.25E-4;153,0.0011458333;154,6.25E-4;155,7.2916667E-4;156,0.0010416667;157,7.8125E-4;158,9.895833E-4;159,9.375E-4;161,9.375E-4;162,7.2916667E-4;163,0.0010416667;164,9.895833E-4;165,9.375E-4;166,9.895833E-4;167,0.0013541667;168,8.3333335E-4;169,7.8125E-4;170,7.8125E-4;171,0.0011458333;172,0.00109375;173,0.00109375;174,5.7291664E-4;175,0.00140625;176,9.375E-4;177,0.0011458333;178,9.895833E-4;179,8.3333335E-4;180,9.375E-4;181,9.895833E-4;182,0.00140625;183,0.0013541667;184,8.854167E-4;185,0.0013541667;186,0.0019791666;187,0.0015104166;188,0.0021875;189,0.001875;190,0.001875;191,0.0018229167;192,0.0;",
		"dropsList": [
			{
				"itemStack": "minecraft:snowball:0",
				"fortunes": {
					"0": 2.0,
					"1": 2.0,
					"2": 2.0,
					"3": 2.0
				}
			}
		],
		"silktouch": false,
		"dim": "Overworld"
	},
	{
		"block": "minecraft:sand:0",
		"distrib": "0,0.0;36,0.0;37,5.2083336E-4;38,0.0010416667;39,5.2083335E-5;40,0.0;42,0.0;43,4.1666668E-4;44,4.1666668E-4;45,2.0833334E-4;46,4.1666668E-4;47,3.125E-4;48,0.0;49,0.0;50,5.2083335E-5;51,1.5625E-4;52,0.00296875;53,0.0058333334;54,0.018125;55,0.022708334;56,0.016666668;57,0.01796875;58,0.023333333;59,0.026458334;60,0.042760417;61,0.05078125;62,0.0475;63,0.0353125;64,0.0;",
		"dropsList": [
			{
				"itemStack": "minecraft:sand:0",
				"fortunes": {
					"0": 1.0,
					"1": 1.0,
					"2": 1.0,
					"3": 1.0
				}
			}
		],
		"silktouch": true,
		"dim": "Overworld"
	},
	{
		"block": "minecraft:air:0",
		"distrib": "0,0.0;10,0.0;11,0.04625;12,0.04916667;13,0.049375;14,0.04640625;15,0.04625;16,0.04484375;17,0.0425;18,0.047447916;19,0.048385415;20,0.049947917;21,0.05239583;22,0.056197915;23,0.057916667;24,0.058125;25,0.0671875;26,0.065104164;27,0.05953125;28,0.05;29,0.04390625;30,0.043020833;31,0.0346875;32,0.026666667;33,0.020520834;34,0.021770833;35,0.025833333;36,0.025208334;37,0.02125;38,0.01828125;39,0.016614584;40,0.01703125;41,0.0215625;42,0.025625;43,0.0253125;44,0.020625;45,0.018697917;46,0.017291667;47,0.015989583;48,0.016041666;49,0.013697917;50,0.019375;51,0.0190625;52,0.018854167;53,0.01703125;54,0.020208333;55,0.02203125;56,0.021770833;57,0.019791666;58,0.02578125;59,0.02078125;60,0.015364584;61,0.011302084;62,0.00671875;63,0.15619792;64,0.0043229167;65,0.0063020834;66,0.0053125;67,0.0025;68,7.8125E-4;69,0.0010416667;70,0.00375;71,0.010260417;72,0.021822916;73,0.026979167;74,0.030364584;75,0.03390625;76,0.03708333;77,0.0425;78,0.046770833;79,0.05015625;80,0.005729167;81,0.0077083334;82,0.0099479165;83,0.01171875;84,0.014010416;85,0.019583333;86,0.02328125;87,0.026822917;88,0.03;89,0.032135416;90,0.03286458;91,0.03953125;92,0.040260416;93,0.039375;94,0.03796875;95,0.039427083;96,0.030260416;97,0.032135416;98,0.033802085;99,0.035625;100,0.03875;101,0.040520832;102,0.042552084;103,0.044114582;104,0.045364585;105,0.048385415;106,0.0534375;107,0.05515625;108,0.054114584;109,0.054375;110,0.055208333;111,0.0575;112,0.06020833;113,0.061875;114,0.06088542;115,0.060052082;116,0.059895832;117,0.059895832;118,0.060833335;119,0.061927084;120,0.06276042;121,0.063854165;122,0.06364583;123,0.06463542;124,0.065;125,0.064739585;126,0.06484375;127,0.065677084;128,0.06604166;129,0.06677084;130,0.067395836;131,0.068333335;132,0.068958335;133,0.06947917;134,0.07052083;135,0.07098959;136,0.07151042;137,0.072239585;138,0.07296875;139,0.07333333;140,0.07432292;141,0.07505208;142,0.075572915;143,0.080416664;144,0.054322917;145,0.053489584;146,0.052291665;147,0.053333335;148,0.053958334;149,0.054583333;150,0.055260416;151,0.05625;152,0.057135418;153,0.057760417;154,0.05890625;155,0.05953125;156,0.060260415;157,0.061302084;158,0.062083334;159,0.06307292;160,0.06401042;161,0.06494792;162,0.06588542;163,0.06661458;164,0.06765625;165,0.068645835;166,0.069583334;167,0.07057292;168,0.071927086;169,0.07276042;170,0.07354166;171,0.07432292;172,0.07546875;173,0.0765625;174,0.07765625;175,0.07822917;176,0.05328125;177,0.05421875;178,0.055364583;179,0.056354165;180,0.0571875;181,0.058125;182,0.059114583;183,0.06052083;184,0.061875;185,0.06276042;186,0.064114586;187,0.06609375;188,0.07302083;189,0.080416664;190,0.08578125;191,0.080104165;192,0.0;",
		"silktouch": false,
		"dim": "Overworld"
	},
	{
		"block": "minecraft:gravel:0",
		"distrib": "0,0.0;1,0.0038541667;2,0.005;3,0.0052083335;4,0.0073958333;5,0.012135416;6,0.014739583;7,0.01515625;8,0.013333334;9,0.01203125;10,0.010833333;11,0.007552083;12,0.00703125;13,0.00984375;14,0.01609375;15,0.018802084;16,0.018489582;17,0.01359375;18,0.010520834;19,0.010729167;20,0.01328125;21,0.015052083;22,0.013697917;23,0.011458334;24,0.01015625;25,0.013802083;26,0.0171875;27,0.022760417;28,0.023645833;29,0.021302084;30,0.01609375;31,0.013802083;32,0.01140625;33,0.01296875;34,0.016302083;35,0.016666668;36,0.02140625;37,0.02296875;38,0.030520834;39,0.07369792;40,0.0284375;41,0.030260416;42,0.028489584;43,0.029739583;44,0.029791666;45,0.025885416;46,0.02125;47,0.026302082;48,0.0138541665;49,0.017864583;50,0.017083334;51,0.0159375;52,0.010572917;53,0.0075;54,0.00421875;55,0.005625;56,0.010208333;57,0.01390625;58,0.01421875;59,0.009635417;60,0.00734375;61,0.0053125;62,0.0046875;63,0.005625;64,0.0065104165;65,0.008697917;66,0.009114583;67,0.00578125;68,0.0033854167;69,0.001875;70,0.0016666667;71,0.0016145833;72,0.0011979167;73,3.6458333E-4;74,0.0011458333;75,0.0024479167;76,0.0040625;77,0.0040104166;78,0.0034895833;79,0.0054166666;80,0.006458333;81,0.006458333;82,0.00359375;83,0.0021354167;84,0.00203125;85,0.0029166667;86,0.00328125;87,0.00328125;88,0.0021875;89,0.0023958334;90,0.0020833334;91,0.0019270834;92,0.0021354167;93,0.0016666667;94,0.0018229167;95,0.00203125;96,0.001875;97,0.0011458333;98,1.0416667E-4;99,0.0015104166;100,0.0044270833;101,0.00546875;102,0.0051041665;103,0.0033333334;104,0.00203125;105,0.0015104166;106,5.2083336E-4;107,0.0;108,6.25E-4;109,0.0011458333;110,0.00109375;111,8.854167E-4;112,0.0014583333;113,0.0017708334;114,0.0016666667;115,4.1666668E-4;116,0.0;119,0.0;120,0.0011458333;121,0.0019270834;122,0.00375;123,0.0039583333;124,0.00375;125,0.00375;126,0.0030208332;127,0.0023958334;128,8.3333335E-4;129,0.0;130,0.00171875;131,0.0033333334;132,0.0036979166;133,0.0025;134,6.770833E-4;135,5.2083335E-5;136,0.0022916666;137,0.00421875;138,0.0053125;139,0.0040104166;140,0.00140625;141,4.1666668E-4;142,0.0;143,0.0;144,4.6875E-4;145,0.0016145833;146,0.0029166667;147,0.0033854167;148,0.0033333334;149,0.0027083333;150,0.00234375;151,0.0028125;152,0.00203125;153,0.0029166667;154,0.0038020834;155,0.0038020834;156,0.0035416668;157,0.0024479167;158,0.0013020834;159,6.25E-4;160,0.0014583333;161,0.0019270834;162,0.0016145833;163,2.0833334E-4;164,0.0;165,3.6458333E-4;166,6.25E-4;167,5.7291664E-4;168,3.125E-4;169,8.3333335E-4;170,0.0014583333;171,0.0016666667;172,9.375E-4;173,0.0;175,0.0;176,0.00109375;177,0.00203125;178,0.001875;179,9.375E-4;180,0.0;181,0.0;182,9.895833E-4;183,0.00265625;184,0.0046875;185,0.0063541667;186,0.0038541667;187,0.0017708334;188,4.1666668E-4;189,0.0;",
		"dropsList": [
			{
				"itemStack": "minecraft:flint:0",
				"fortunes": {
					"0": 0.1003,
					"1": 0.14,
					"2": 0.2461,
					"3": 1.0
				}
			},
			{
				"itemStack": "minecraft:gravel:0",
				"fortunes": {
					"0": 0.8997,
					"1": 0.86,
					"2": 0.7539
				}
			}
		],
		"silktouch": true,
		"dim": "Overworld"
	},
	{
		"block": "biomesoplenty:plant_1:9",
		"distrib": "0,0.0;61,0.0;62,5.2083335E-5;63,0.0;91,0.0;92,5.2083335E-5;93,0.0;",
		"dropsList": [
			{
				"itemStack": "biomesoplenty:plant_1:9",
				"fortunes": {
					"0": 1.0,
					"1": 1.0,
					"2": 1.0,
					"3": 1.0
				}
			}
		],
		"silktouch": false,
		"dim": "Overworld"
	},
	{
		"block": "biomesoplenty:hot_spring_water:0",
		"distrib": "0,0.0;185,0.0;186,0.0015104166;187,0.0058333334;188,0.0061458335;189,0.0051041665;190,0.0;",
		"silktouch": false,
		"dim": "Overworld"
	},
	{
		"block": "biomesoplenty:gem_ore:4",
		"distrib": "0,0.0;3,0.0;4,2.0833334E-4;5,1.5625E-4;6,2.0833334E-4;7,3.6458333E-4;8,2.0833334E-4;9,1.5625E-4;10,2.0833334E-4;11,3.6458333E-4;12,2.6041668E-4;13,6.770833E-4;14,2.6041668E-4;15,4.6875E-4;16,3.125E-4;17,1.5625E-4;18,3.125E-4;19,5.2083335E-5;20,1.0416667E-4;21,2.0833334E-4;22,2.0833334E-4;23,5.2083335E-5;24,2.6041668E-4;25,3.125E-4;26,1.5625E-4;27,3.6458333E-4;28,2.0833334E-4;29,2.0833334E-4;30,4.1666668E-4;31,2.0833334E-4;32,3.125E-4;33,0.0;",
		"dropsList": [
			{
				"itemStack": "biomesoplenty:gem:4",
				"fortunes": {
					"0": 1.0,
					"1": 1.3333,
					"2": 1.7414,
					"3": 2.1916
				}
			}
		],
		"silktouch": true,
		"dim": "Overworld"
	},
	{
		"block": "biomesoplenty:gem_ore:6",
		"distrib": "0,0.0;3,0.0;4,2.6041668E-4;5,7.8125E-4;6,4.1666668E-4;7,2.6041668E-4;8,6.770833E-4;9,3.125E-4;10,5.7291664E-4;11,5.2083336E-4;12,7.2916667E-4;13,5.7291664E-4;14,5.7291664E-4;15,6.25E-4;16,8.3333335E-4;17,5.7291664E-4;18,4.6875E-4;19,8.3333335E-4;20,2.6041668E-4;21,5.7291664E-4;22,6.25E-4;23,2.6041668E-4;24,3.6458333E-4;25,4.1666668E-4;26,4.6875E-4;27,4.6875E-4;28,3.125E-4;29,4.1666668E-4;30,3.6458333E-4;31,4.6875E-4;32,5.2083336E-4;33,0.0;",
		"dropsList": [
			{
				"itemStack": "biomesoplenty:gem:6",
				"fortunes": {
					"0": 1.0,
					"1": 1.3276,
					"2": 1.7555,
					"3": 2.1978
				}
			}
		],
		"silktouch": true,
		"dim": "Overworld"
	},
	{
		"block": "minecraft:fence:0",
		"distrib": "0,0.0;16,0.0;17,5.2083336E-4;18,7.8125E-4;19,2.6041668E-4;20,0.0;21,3.125E-4;22,6.25E-4;23,3.125E-4;24,0.0;",
		"dropsList": [
			{
				"itemStack": "minecraft:fence:0",
				"fortunes": {
					"0": 1.0,
					"1": 1.0,
					"2": 1.0,
					"3": 1.0
				}
			}
		],
		"silktouch": false,
		"dim": "Overworld"
	},
	{
		"block": "minecraft:red_flower:0",
		"distrib": "0,0.0;100,0.0;101,5.2083335E-5;102,0.0;",
		"dropsList": [
			{
				"itemStack": "minecraft:red_flower:0",
				"fortunes": {
					"0": 1.0,
					"1": 1.0,
					"2": 1.0,
					"3": 1.0
				}
			}
		],
		"silktouch": false,
		"dim": "Overworld"
	},
	{
		"block": "minecraft:emerald_ore:0",
		"distrib": "0,0.0;3,0.0;4,1.5625E-4;5,1.0416667E-4;6,3.6458333E-4;7,1.5625E-4;8,1.5625E-4;9,2.0833334E-4;10,1.5625E-4;11,2.0833334E-4;12,2.6041668E-4;13,3.125E-4;14,3.6458333E-4;15,1.5625E-4;17,1.5625E-4;18,2.6041668E-4;19,3.6458333E-4;20,2.0833334E-4;22,2.0833334E-4;23,1.0416667E-4;24,3.6458333E-4;25,2.0833334E-4;28,2.0833334E-4;29,5.2083335E-5;30,1.0416667E-4;31,3.125E-4;32,2.0833334E-4;33,0.0;",
		"dropsList": [
			{
				"itemStack": "minecraft:emerald:0",
				"fortunes": {
					"0": 1.0,
					"1": 1.3347,
					"2": 1.7366,
					"3": 2.1896
				}
			}
		],
		"silktouch": true,
		"dim": "Overworld"
	},
	{
		"block": "biomesoplenty:plant_0:1",
		"distrib": "0,0.0;62,0.0;63,0.0020833334;64,0.0;70,0.0;71,2.6041668E-4;72,5.2083335E-5;73,3.125E-4;74,0.0;75,5.2083335E-5;76,0.0;",
		"dropsList": [
			{
				"itemStack": "minecraft:wheat_seeds:0",
				"fortunes": {
					"0": 0.1259,
					"1": 0.2411,
					"2": 0.3761,
					"3": 0.5171
				}
			}
		],
		"silktouch": false,
		"dim": "Overworld"
	},
	{
		"block": "minecraft:sandstone:0",
		"distrib": "0,0.0;47,0.0;48,5.2083335E-5;49,3.6458333E-4;50,0.0011458333;51,0.0016666667;52,0.0020833334;53,0.0038020834;54,0.00515625;55,0.00578125;56,0.007916667;57,0.011354167;58,0.016145833;59,0.019427083;60,0.01546875;61,0.009114583;62,0.0054166666;63,7.8125E-4;64,0.0;",
		"dropsList": [
			{
				"itemStack": "minecraft:sandstone:0",
				"fortunes": {
					"0": 1.0,
					"1": 1.0,
					"2": 1.0,
					"3": 1.0
				}
			}
		],
		"silktouch": true,
		"dim": "Overworld"
	},
	{
		"block": "biomesoplenty:plant_0:0",
		"distrib": "0,0.0;62,0.0;63,5.7291664E-4;64,0.0;",
		"dropsList": [
			{
				"itemStack": "minecraft:wheat_seeds:0",
				"fortunes": {
					"0": 0.1256,
					"1": 0.2516,
					"2": 0.3815,
					"3": 0.4707
				}
			}
		],
		"silktouch": false,
		"dim": "Overworld"
	},
	{
		"block": "biomesoplenty:gem_ore:1",
		"distrib": "0,0.0;4,0.0;5,1.0416667E-4;6,5.2083335E-5;7,0.0;9,0.0;10,5.2083335E-5;11,0.0;12,5.2083335E-5;13,0.0;19,0.0;20,1.0416667E-4;21,0.0;23,0.0;24,5.2083335E-5;25,0.0;26,5.2083335E-5;27,0.0;31,0.0;32,5.2083335E-5;33,0.0;",
		"dropsList": [
			{
				"itemStack": "biomesoplenty:gem:1",
				"fortunes": {
					"0": 1.0,
					"1": 1.332,
					"2": 1.7583,
					"3": 2.2017
				}
			}
		],
		"silktouch": true,
		"dim": "Overworld"
	},
	{
		"block": "biomesoplenty:gem_ore:2",
		"distrib": "0,0.0;3,0.0;4,1.0416667E-4;5,1.5625E-4;6,1.0416667E-4;7,2.6041668E-4;8,1.5625E-4;9,5.2083335E-5;10,1.0416667E-4;11,3.125E-4;12,5.2083335E-5;13,2.6041668E-4;14,5.2083335E-5;15,1.5625E-4;16,2.6041668E-4;17,2.6041668E-4;18,1.0416667E-4;19,1.0416667E-4;20,2.0833334E-4;21,1.5625E-4;22,5.2083335E-5;23,2.6041668E-4;24,5.2083335E-5;25,5.2083335E-5;26,2.0833334E-4;28,2.0833334E-4;29,1.5625E-4;30,2.6041668E-4;31,2.6041668E-4;32,1.5625E-4;33,0.0;",
		"dropsList": [
			{
				"itemStack": "biomesoplenty:gem:2",
				"fortunes": {
					"0": 1.0,
					"1": 1.3353,
					"2": 1.752,
					"3": 2.2129
				}
			}
		],
		"silktouch": true,
		"dim": "Overworld"
	},
	{
		"block": "minecraft:diamond_ore:0",
		"distrib": "0,0.0;1,1.0416667E-4;2,1.5625E-4;3,4.1666668E-4;4,7.8125E-4;5,0.0018229167;6,0.0013541667;8,0.0013541667;9,0.00203125;10,0.0010416667;11,0.00140625;12,0.00171875;13,0.0016145833;14,8.3333335E-4;15,5.2083335E-5;16,0.0;",
		"dropsList": [
			{
				"itemStack": "minecraft:diamond:0",
				"fortunes": {
					"0": 1.0,
					"1": 1.3249,
					"2": 1.7498,
					"3": 2.2216
				}
			}
		],
		"silktouch": true,
		"dim": "Overworld"
	},
	{
		"block": "biomesoplenty:flower_0:0",
		"distrib": "0,0.0;62,0.0;63,5.2083335E-5;64,0.0;",
		"dropsList": [
			{
				"itemStack": "biomesoplenty:flower_0:0",
				"fortunes": {
					"0": 1.0,
					"1": 1.0,
					"2": 1.0,
					"3": 1.0
				}
			}
		],
		"silktouch": false,
		"dim": "Overworld"
	},
	{
		"block": "minecraft:planks:0",
		"distrib": "0,0.0;15,0.0;16,4.6875E-4;17,7.2916667E-4;18,3.6458333E-4;19,0.0011458333;20,6.770833E-4;21,0.0;22,0.0;23,4.1666668E-4;24,4.6875E-4;25,0.0;",
		"dropsList": [
			{
				"itemStack": "minecraft:planks:0",
				"fortunes": {
					"0": 1.0,
					"1": 1.0,
					"2": 1.0,
					"3": 1.0
				}
			}
		],
		"silktouch": true,
		"dim": "Overworld"
	},
	{
		"block": "minecraft:double_plant:2",
		"distrib": "0,0.0;62,0.0;63,5.2083335E-5;64,0.0;",
		"dropsList": [
			{
				"itemStack": "minecraft:wheat_seeds:0",
				"fortunes": {
					"0": 0.1233,
					"1": 0.1257,
					"2": 0.1261,
					"3": 0.1246
				}
			}
		],
		"silktouch": false,
		"dim": "Overworld"
	},
	{
		"block": "minecraft:clay:0",
		"distrib": "0,0.0;37,0.0;38,2.6041668E-4;39,0.0013020834;40,1.0416667E-4;41,0.0;43,0.0;44,1.5625E-4;45,0.0;53,0.0;54,3.125E-4;55,0.00140625;56,4.6875E-4;57,1.5625E-4;58,0.0;59,5.2083336E-4;60,0.0010416667;61,0.0015104166;62,2.6041668E-4;63,0.0;",
		"dropsList": [
			{
				"itemStack": "minecraft:clay_ball:0",
				"fortunes": {
					"0": 4.0,
					"1": 4.0,
					"2": 4.0,
					"3": 4.0
				}
			}
		],
		"silktouch": true,
		"dim": "Overworld"
	},
	{
		"block": "biomesoplenty:flower_0:8",
		"distrib": "0,0.0;83,0.0;84,5.2083335E-5;85,0.0;",
		"dropsList": [
			{
				"itemStack": "biomesoplenty:flower_0:8",
				"fortunes": {
					"0": 1.0,
					"1": 1.0,
					"2": 1.0,
					"3": 1.0
				}
			}
		],
		"silktouch": false,
		"dim": "Overworld"
	},
	{
		"block": "minecraft:coal_ore:0",
		"distrib": "0,0.0;1,0.0029166667;2,0.00625;3,0.00828125;4,0.012135416;5,0.011666667;6,0.0109375;7,0.00984375;8,0.008854167;9,0.0077083334;10,0.0095833335;11,0.01203125;12,0.0121875;13,0.0103125;14,0.013958333;15,0.015572917;16,0.01453125;17,0.01328125;18,0.014166667;19,0.014635417;20,0.016145833;21,0.015729167;22,0.0125520835;23,0.01140625;24,0.010260417;25,0.011979166;26,0.015260417;27,0.013958333;28,0.012916666;29,0.009479167;30,0.014427084;31,0.015625;32,0.011979166;33,0.012395834;34,0.012760417;35,0.010625;36,0.01;37,0.009479167;38,0.009895833;39,0.016458333;40,0.016979167;41,0.01359375;42,0.010208333;43,0.011666667;44,0.011979166;45,0.010989583;46,0.00921875;47,0.007135417;48,0.007135417;49,0.006666667;50,0.00734375;51,0.009270833;52,0.00828125;53,0.0077604167;54,0.00671875;55,0.0059375;56,0.0047916668;57,0.00546875;58,0.0055729165;59,0.0054166666;60,0.00515625;61,0.0061458335;62,0.00625;63,0.0058333334;64,0.0046875;65,0.0033854167;66,0.0030208332;67,0.0039583333;68,0.0034895833;69,0.0047916668;70,0.005052083;71,0.00375;72,0.0033333334;73,0.00296875;74,0.0028645834;75,0.0022916666;76,0.0031770833;77,0.0044791666;78,0.00375;79,0.0030729168;80,0.0025520832;81,0.00265625;82,0.00453125;83,0.0054166666;84,0.00375;85,0.0015625;86,0.00359375;87,0.0039583333;88,0.0031770833;89,0.003125;90,0.0018229167;91,0.0016145833;92,0.00328125;93,0.0039583333;94,0.0043229167;95,0.0030729168;96,0.0021354167;97,0.0024479167;98,0.0022916666;99,0.001875;100,0.00234375;101,0.0028645834;102,0.0022395833;103,0.00171875;104,0.00203125;105,0.0018229167;106,0.0013541667;107,0.0027083333;108,0.0032291666;109,0.004114583;110,0.0034895833;111,0.0027604166;112,0.0016145833;113,0.00140625;114,0.0015104166;115,0.0021875;116,0.0023958334;117,0.00265625;118,0.00265625;119,0.0025520832;120,0.0038020834;121,0.00421875;122,0.00421875;123,0.00359375;124,0.00109375;125,4.6875E-4;126,3.125E-4;127,0.0;",
		"dropsList": [
			{
				"itemStack": "minecraft:coal:0",
				"fortunes": {
					"0": 1.0,
					"1": 1.3262,
					"2": 1.7525,
					"3": 2.2041
				}
			}
		],
		"silktouch": true,
		"dim": "Overworld"
	},
	{
		"block": "minecraft:grass:0",
		"distrib": "0,0.0;61,0.0;62,0.012083333;63,0.010989583;64,0.0;66,0.0;67,1.0416667E-4;68,0.0025;69,0.0059375;70,0.011614583;71,0.005729167;72,0.0044270833;73,0.0034375;74,0.0030729168;75,0.0033333334;76,0.00375;77,0.0049479166;78,0.010729167;79,0.0099479165;80,0.0026041667;81,0.0019270834;82,0.0022916666;83,0.0055729165;84,0.0036979166;85,0.0033854167;86,0.0031770833;87,0.0021875;88,7.2916667E-4;89,0.00109375;90,0.00125;91,0.00171875;92,0.0010416667;93,0.00140625;94,0.00140625;95,0.0021875;96,0.0015104166;97,0.0017708334;98,0.0029166667;99,0.0017708334;100,0.001875;101,0.00140625;102,0.00125;103,0.0010416667;104,0.00140625;105,8.3333335E-4;106,0.00109375;107,0.0010416667;108,8.854167E-4;109,7.2916667E-4;110,5.2083336E-4;111,7.8125E-4;112,2.6041668E-4;113,5.2083336E-4;114,3.125E-4;115,5.2083336E-4;116,7.2916667E-4;117,2.6041668E-4;118,3.6458333E-4;119,4.1666668E-4;120,4.1666668E-4;121,3.6458333E-4;122,5.2083336E-4;123,4.1666668E-4;124,5.7291664E-4;125,2.0833334E-4;126,1.5625E-4;127,4.1666668E-4;128,2.6041668E-4;129,4.6875E-4;130,3.125E-4;131,1.0416667E-4;132,2.0833334E-4;133,2.0833334E-4;134,3.6458333E-4;135,3.125E-4;136,3.125E-4;137,1.0416667E-4;138,1.5625E-4;139,2.6041668E-4;140,1.0416667E-4;141,1.5625E-4;142,2.6041668E-4;143,3.125E-4;144,3.125E-4;145,1.0416667E-4;146,2.0833334E-4;147,0.0;148,2.0833334E-4;149,2.6041668E-4;150,1.0416667E-4;154,1.0416667E-4;155,2.0833334E-4;156,5.2083335E-5;157,1.5625E-4;158,5.2083335E-5;159,0.0;160,5.2083335E-5;161,1.0416667E-4;162,5.2083335E-5;164,5.2083335E-5;165,0.0;168,0.0;169,5.2083335E-5;170,5.2083335E-5;171,0.0;",
		"dropsList": [
			{
				"itemStack": "minecraft:dirt:0",
				"fortunes": {
					"0": 1.0,
					"1": 1.0,
					"2": 1.0,
					"3": 1.0
				}
			}
		],
		"silktouch": true,
		"dim": "Overworld"
	},
	{
		"block": "minecraft:stone:5",
		"distrib": "0,0.0;1,0.0099479165;2,0.0225;3,0.03125;4,0.037239585;5,0.040885415;6,0.03828125;7,0.034739584;8,0.032604165;9,0.03453125;10,0.043072917;11,0.043958332;12,0.041666668;13,0.038072918;14,0.03859375;15,0.04328125;16,0.045989584;17,0.046927083;18,0.04119792;19,0.034895834;20,0.03286458;21,0.035208333;22,0.03677083;23,0.039583333;24,0.042395834;25,0.052604165;26,0.056510415;27,0.05171875;28,0.051979166;29,0.052604165;30,0.04984375;31,0.04515625;32,0.044375;33,0.051302083;34,0.05484375;35,0.05890625;36,0.057291668;37,0.045729168;38,0.03828125;39,0.02890625;40,0.0321875;41,0.039010417;42,0.04109375;43,0.04078125;44,0.039114583;45,0.041822918;46,0.0490625;47,0.048697915;48,0.030729167;49,0.03265625;50,0.034375;51,0.033854168;52,0.030677084;53,0.031197917;54,0.03125;55,0.02671875;56,0.019479167;57,0.016510416;58,0.014322917;59,0.015104166;60,0.016927084;61,0.017395834;62,0.01921875;63,0.019947916;64,0.018489582;65,0.020260416;66,0.023229167;67,0.022864584;68,0.020989584;69,0.014947916;70,0.011770833;71,0.011927083;72,0.011197916;73,0.0128125;74,0.011666667;75,0.01421875;76,0.018645834;77,0.018020833;78,0.013697917;79,0.00546875;80,7.2916667E-4;81,0.0;",
		"dropsList": [
			{
				"itemStack": "minecraft:stone:5",
				"fortunes": {
					"0": 1.0,
					"1": 1.0,
					"2": 1.0,
					"3": 1.0
				}
			}
		],
		"silktouch": true,
		"dim": "Overworld"
	},
	{
		"block": "minecraft:lava:0",
		"distrib": "0,0.0;1,0.0;2,0.009427084;3,0.012239584;4,0.028020833;5,0.04484375;6,0.047135416;7,0.051875;8,0.05328125;9,0.05328125;10,0.050833333;11,0.0;16,0.0;17,5.2083335E-5;18,5.2083335E-5;19,0.0;20,0.0;21,5.2083335E-5;22,0.0;25,0.0;26,5.2083335E-5;27,0.0;28,5.2083335E-5;29,0.0;32,0.0;33,5.2083336E-4;34,0.0015104166;35,0.0;41,0.0;42,5.2083335E-5;43,0.0;",
		"silktouch": false,
		"dim": "Overworld"
	},
	{
		"block": "minecraft:tallgrass:1",
		"distrib": "0,0.0;62,0.0;63,0.0022916666;64,0.0;69,0.0;70,2.0833334E-4;71,5.7291664E-4;72,5.7291664E-4;73,1.5625E-4;74,5.2083335E-5;75,0.0;78,0.0;79,2.0833334E-4;80,0.0;97,0.0;98,5.2083335E-5;99,1.0416667E-4;101,1.0416667E-4;102,5.2083335E-5;103,0.0;104,0.0;105,5.2083335E-5;106,0.0;107,0.0;108,5.2083335E-5;109,0.0;",
		"dropsList": [
			{
				"itemStack": "minecraft:wheat_seeds:0",
				"fortunes": {
					"0": 0.1228,
					"1": 0.2486,
					"2": 0.3707,
					"3": 0.5294
				}
			}
		],
		"silktouch": false,
		"dim": "Overworld"
	},
	{
		"block": "minecraft:stone:3",
		"distrib": "0,0.0;1,0.009479167;2,0.01828125;3,0.0275;4,0.036666665;5,0.042395834;6,0.038177084;7,0.03265625;8,0.02859375;9,0.0265625;10,0.029270833;11,0.038385417;12,0.04296875;13,0.044010416;14,0.045625;15,0.0378125;16,0.039479166;17,0.039270833;18,0.048229165;19,0.055208333;20,0.054791667;21,0.05234375;22,0.0525;23,0.047083333;24,0.041458335;25,0.034322917;26,0.035572916;27,0.038958333;28,0.04390625;29,0.04625;30,0.0484375;31,0.0478125;32,0.051197916;33,0.051510416;34,0.050833333;35,0.050885417;36,0.05171875;37,0.04546875;38,0.044322915;39,0.046614584;40,0.049791668;41,0.045;42,0.04104167;43,0.0384375;44,0.044010416;45,0.04609375;46,0.043854166;47,0.040885415;48,0.022708334;49,0.022864584;50,0.021875;51,0.023854166;52,0.02953125;53,0.02859375;54,0.026458334;55,0.020989584;56,0.01515625;57,0.017760416;58,0.019322917;59,0.018177083;60,0.01421875;61,0.013020833;62,0.015260417;63,0.018125;64,0.017864583;65,0.016458333;66,0.017916666;67,0.020104166;68,0.021614583;69,0.022291666;70,0.015625;71,0.014739583;72,0.013541667;73,0.012083333;74,0.0109375;75,0.011614583;76,0.0134895835;77,0.010989583;78,0.00625;79,0.0030729168;80,1.5625E-4;81,0.0;",
		"dropsList": [
			{
				"itemStack": "minecraft:stone:3",
				"fortunes": {
					"0": 1.0,
					"1": 1.0,
					"2": 1.0,
					"3": 1.0
				}
			}
		],
		"silktouch": true,
		"dim": "Overworld"
	},
	{
		"block": "minecraft:rail:0",
		"distrib": "0,0.0;16,0.0;17,6.770833E-4;18,4.1666668E-4;19,0.0;20,0.0;21,4.6875E-4;22,0.0;",
		"dropsList": [
			{
				"itemStack": "minecraft:rail:0",
				"fortunes": {
					"0": 1.0,
					"1": 1.0,
					"2": 1.0,
					"3": 1.0
				}
			}
		],
		"silktouch": false,
		"dim": "Overworld"
	},
	{
		"block": "minecraft:flowing_water:1",
		"distrib": "0,0.0;13,0.0;14,5.2083335E-5;15,0.0;16,5.2083335E-5;17,0.0;19,0.0;20,5.2083335E-5;21,0.0;22,5.2083335E-5;23,0.0;24,5.2083335E-5;25,0.0;26,1.0416667E-4;27,5.2083335E-5;28,0.0;36,0.0;37,5.2083335E-5;38,0.0;39,5.2083335E-5;40,0.0;48,0.0;49,5.2083335E-5;50,5.2083335E-5;51,0.0;",
		"silktouch": false,
		"dim": "Overworld"
	},
	{
		"block": "biomesoplenty:plant_0:8",
		"distrib": "0,0.0;62,0.0;63,0.0014583333;64,0.0;",
		"dropsList": [
			{
				"itemStack": "minecraft:wheat_seeds:0",
				"fortunes": {
					"0": 0.122,
					"1": 0.2462,
					"2": 0.3866,
					"3": 0.4868
				}
			}
		],
		"silktouch": false,
		"dim": "Overworld"
	},
	{
		"block": "biomesoplenty:plant_0:7",
		"distrib": "0,0.0;62,0.0;63,8.3333335E-4;64,0.0;",
		"dropsList": [
			{
				"itemStack": "minecraft:wheat_seeds:0",
				"fortunes": {
					"0": 0.1255,
					"1": 0.2393,
					"2": 0.3766,
					"3": 0.5053
				}
			}
		],
		"silktouch": false,
		"dim": "Overworld"
	},
	{
		"block": "minecraft:gold_ore:0",
		"distrib": "0,0.0;1,3.6458333E-4;2,3.125E-4;3,8.3333335E-4;4,0.0011979167;5,0.0015625;6,0.0013020834;7,0.00234375;8,0.0022916666;9,0.0010416667;10,0.0021354167;11,0.0013020834;12,0.0024479167;13,0.0021354167;14,0.0014583333;15,0.001875;16,0.0025;17,0.00203125;18,0.0018229167;19,9.375E-4;20,8.854167E-4;21,0.0015625;22,0.00171875;23,0.00125;24,0.00171875;25,0.00125;26,0.00125;27,0.0010416667;28,0.0017708334;29,0.0014583333;30,4.6875E-4;31,1.0416667E-4;32,0.0;",
		"dropsList": [
			{
				"itemStack": "minecraft:gold_ore:0",
				"fortunes": {
					"0": 1.0,
					"1": 1.0,
					"2": 1.0,
					"3": 1.0
				}
			}
		],
		"silktouch": true,
		"dim": "Overworld"
	},
	{
		"block": "minecraft:stone:0",
		"distrib": "0,0.0;1,0.155;2,0.3103125;3,0.46510416;4,0.6191146;5,0.7702604;6,0.7735417;7,0.77729166;8,0.7790625;9,0.7828125;10,0.7707292;11,0.76625;12,0.7704167;13,0.76989585;14,0.76697916;15,0.7680208;16,0.75864583;17,0.7549479;18,0.7453646;19,0.7473438;20,0.7580729;21,0.75395834;22,0.7548958;23,0.75895834;24,0.76109374;25,0.74109375;26,0.71734375;27,0.72229165;28,0.7342188;29,0.7503646;30,0.761875;31,0.7711458;32,0.7690625;33,0.7607292;34,0.7493229;35,0.74578124;36,0.73072916;37,0.7102604;38,0.6873958;39,0.68385416;40,0.67307293;41,0.6596875;42,0.6415104;43,0.6271875;44,0.6225521;45,0.62171876;46,0.60125;47,0.58484375;48,0.4478125;49,0.4471875;50,0.44880208;51,0.44489583;52,0.4296875;53,0.40854168;54,0.39770833;55,0.396875;56,0.38854167;57,0.36916667;58,0.33880207;59,0.32067707;60,0.31036457;61,0.2891146;62,0.27479166;63,0.26864582;64,0.25947917;65,0.25541666;66,0.25177082;67,0.24828126;68,0.2465625;69,0.24244791;70,0.24427083;71,0.24098958;72,0.23807292;73,0.23296875;74,0.23130208;75,0.21354167;76,0.19572917;77,0.19947916;78,0.20864584;79,0.21463542;80,0.21432291;81,0.21151042;82,0.2078125;83,0.20833333;84,0.21052083;85,0.21145834;86,0.20776042;87,0.20484374;88,0.20369792;89,0.20026042;90,0.19703124;91,0.19677083;92,0.19328125;93,0.19260417;94,0.19265625;95,0.1915625;96,0.19125;97,0.18947917;98,0.18958333;99,0.18661459;100,0.18234375;101,0.17927083;102,0.17942709;103,0.18125;104,0.18140624;105,0.17875;106,0.175;107,0.17109375;108,0.17036459;109,0.16953126;110,0.16864583;111,0.16848959;112,0.16765624;113,0.16697916;114,0.16723958;115,0.16692708;116,0.16765624;117,0.16901042;118,0.16932292;119,0.16838542;120,0.16489583;121,0.16296875;122,0.16208333;123,0.16057292;124,0.16229166;125,0.16317709;126,0.16567709;127,0.16604167;128,0.1659375;129,0.16598958;130,0.16333333;131,0.15979166;132,0.15744792;133,0.1578125;134,0.160625;135,0.16255209;136,0.1596875;137,0.15588541;138,0.15276042;139,0.15348959;140,0.15666667;141,0.15614583;142,0.15442708;143,0.15244792;144,0.15052083;145,0.149375;146,0.14911458;147,0.14817709;148,0.148125;149,0.14760417;150,0.1459375;151,0.1440625;152,0.1428125;153,0.14166667;154,0.1390625;155,0.13864583;156,0.13880208;157,0.13947916;158,0.14041667;159,0.14015625;160,0.13848959;161,0.13609375;162,0.13380209;163,0.13229166;164,0.13151042;165,0.13203125;166,0.13208333;167,0.13223958;168,0.13130209;169,0.12979166;170,0.12765625;171,0.12572917;172,0.1246875;173,0.12291667;174,0.12166667;175,0.12109375;176,0.11994792;177,0.118125;178,0.115625;179,0.11411458;180,0.11322916;181,0.11276042;182,0.1103125;183,0.1053125;184,0.100208335;185,0.09552083;186,0.094479166;187,0.08619792;188,0.07359375;189,0.04203125;190,0.020416666;191,0.00203125;192,0.0;",
		"dropsList": [
			{
				"itemStack": "minecraft:cobblestone:0",
				"fortunes": {
					"0": 1.0,
					"1": 1.0,
					"2": 1.0,
					"3": 1.0
				}
			}
		],
		"silktouch": true,
		"dim": "Overworld"
	},
	{
		"block": "biomesoplenty:coral:4",
		"distrib": "0,0.0;37,0.0;38,1.5625E-4;39,4.1666668E-4;40,0.0047395835;41,9.375E-4;42,4.1666668E-4;43,3.125E-4;44,2.0833334E-4;45,1.0416667E-4;46,1.0416667E-4;47,0.0;",
		"dropsList": [
			{
				"itemStack": "biomesoplenty:coral:4",
				"fortunes": {
					"0": 1.0,
					"1": 1.0,
					"2": 1.0,
					"3": 1.0
				}
			}
		],
		"silktouch": false,
		"dim": "Overworld"
	},
	{
		"block": "minecraft:stone:1",
		"distrib": "0,0.0;1,0.0103125;2,0.014583333;3,0.0203125;4,0.03338542;5,0.04546875;6,0.046041667;7,0.046510417;8,0.048333332;9,0.0496875;10,0.050104167;11,0.047552083;12,0.044479165;13,0.043645833;14,0.039427083;15,0.042083334;16,0.045208335;17,0.046875;18,0.05;19,0.04953125;20,0.04473958;21,0.048958335;22,0.0515625;23,0.05307292;24,0.051458333;25,0.049375;26,0.058020834;27,0.057447918;28,0.051666666;29,0.04510417;30,0.03921875;31,0.047447916;32,0.061197918;33,0.06395833;34,0.057708334;35,0.050989583;36,0.046302084;37,0.04796875;38,0.048385415;39,0.04458333;40,0.039583333;41,0.031822916;42,0.029583333;43,0.03140625;44,0.028854167;45,0.024791667;46,0.036510415;47,0.048541665;48,0.032916665;49,0.029427083;50,0.02234375;51,0.01921875;52,0.021875;53,0.026510417;54,0.02734375;55,0.025104167;56,0.023645833;57,0.024635417;58,0.027291667;59,0.026354166;60,0.0246875;61,0.021041667;62,0.01796875;63,0.0159375;64,0.01546875;65,0.0146875;66,0.012291667;67,0.0099479165;68,0.008854167;69,0.012760417;70,0.016197916;71,0.018072916;72,0.019270834;73,0.021458333;74,0.021041667;75,0.020364583;76,0.016770834;77,0.0095833335;78,0.0040625;79,6.770833E-4;80,0.0;",
		"dropsList": [
			{
				"itemStack": "minecraft:stone:1",
				"fortunes": {
					"0": 1.0,
					"1": 1.0,
					"2": 1.0,
					"3": 1.0
				}
			}
		],
		"silktouch": true,
		"dim": "Overworld"
	},
	{
		"block": "biomesoplenty:seaweed:0",
		"distrib": "0,0.0;37,0.0;38,0.0010416667;39,0.0026041667;40,0.010208333;41,0.011822917;42,0.0128125;43,0.012239584;44,0.011354167;45,0.009739583;46,0.009322917;47,0.008125;48,5.2083335E-5;49,1.0416667E-4;51,1.0416667E-4;52,1.5625E-4;53,1.0416667E-4;55,1.0416667E-4;56,0.0;",
		"dropsList": [
			{
				"itemStack": "biomesoplenty:seaweed:0",
				"fortunes": {
					"0": 1.0,
					"1": 1.0,
					"2": 1.0,
					"3": 1.0
				}
			}
		],
		"silktouch": false,
		"dim": "Overworld"
	},
	{
		"block": "minecraft:flowing_lava:2",
		"distrib": "0,0.0;16,0.0;17,5.2083335E-5;18,5.2083335E-5;19,0.0;20,0.0;21,5.2083335E-5;22,0.0;25,0.0;26,5.2083335E-5;27,0.0;28,5.2083335E-5;29,0.0;41,0.0;42,5.2083335E-5;43,0.0;",
		"silktouch": false,
		"dim": "Overworld"
	},
	{
		"block": "minecraft:redstone_ore:0",
		"distrib": "0,0.0;1,0.0027083333;2,0.0044791666;3,0.005625;4,0.00671875;5,0.0086458335;6,0.009322917;7,0.009114583;8,0.0103125;9,0.010520834;10,0.011614583;11,0.011822917;12,0.00828125;13,0.007864583;14,0.005;15,0.0;",
		"dropsList": [
			{
				"itemStack": "minecraft:redstone:0",
				"fortunes": {
					"0": 4.5053,
					"1": 5.0111,
					"2": 5.5046,
					"3": 6.0081
				}
			}
		],
		"silktouch": true,
		"dim": "Overworld"
	},
	{
		"block": "minecraft:dirt:0",
		"distrib": "0,0.0;1,0.004166667;2,0.0069791665;3,0.011302084;4,0.010364584;5,0.010052083;6,0.008385417;7,0.00875;8,0.010520834;9,0.0099479165;10,0.0090625;11,0.008541667;12,0.0084375;13,0.0109375;14,0.014114583;15,0.014375;16,0.01859375;17,0.026354166;18,0.028854167;19,0.02625;20,0.019635417;21,0.012760417;22,0.008854167;23,0.0069270832;24,0.01203125;25,0.017239584;26,0.0209375;27,0.021927083;28,0.02015625;29,0.018958334;30,0.015208334;31,0.013177083;32,0.012447917;33,0.013229167;34,0.016666668;35,0.0225;36,0.035520833;37,0.06489583;38,0.07932292;39,0.028072916;40,0.0221875;41,0.01875;42,0.020572918;43,0.01921875;44,0.017864583;45,0.015052083;46,0.014114583;47,0.012916666;48,0.009427084;49,0.0059375;50,0.0066145835;51,0.010260417;52,0.0228125;53,0.034270834;54,0.034427084;55,0.036614582;56,0.03703125;57,0.034010418;58,0.038072918;59,0.045677084;60,0.04328125;61,0.054895833;62,0.046979167;63,0.041822918;64,0.0065104165;65,0.008125;66,0.010677083;67,0.019791666;68,0.025052084;69,0.024739584;70,0.017447917;71,0.014635417;72,0.014739583;73,0.015833333;74,0.01734375;75,0.0278125;76,0.036197916;77,0.036354166;78,0.03171875;79,0.029947916;80,0.01828125;81,0.0203125;82,0.023072917;83,0.01765625;84,0.0134895835;85,0.010416667;86,0.008385417;87,0.00875;88,0.0103125;89,0.0109375;90,0.01125;91,0.009739583;92,0.01078125;93,0.01234375;94,0.0128125;95,0.012604167;96,0.010052083;97,0.01015625;98,0.008177083;99,0.00828125;100,0.0070833336;101,0.0069270832;102,0.006197917;103,0.0054166666;104,0.00453125;105,0.00515625;106,0.005520833;107,0.006875;108,0.007552083;109,0.00703125;110,0.008125;111,0.006666667;112,0.005729167;113,0.00484375;114,0.0053645833;115,0.00703125;116,0.0063020834;117,0.0044791666;118,0.0033854167;119,0.0030208332;120,0.0031770833;121,0.0028125;122,0.00171875;123,0.0028125;124,0.0029166667;125,0.0027604166;126,0.0016145833;127,0.0015625;128,0.0025520832;129,0.0025;130,0.0026041667;131,0.0038020834;132,0.00515625;133,0.0051041665;134,0.0035416668;135,0.0013020834;136,0.0013020834;137,0.0022916666;138,0.0035416668;139,0.00328125;140,0.0022395833;141,0.00140625;142,7.8125E-4;143,8.3333335E-4;144,0.00125;145,0.0020833334;146,0.00203125;147,0.0018229167;148,9.375E-4;149,9.895833E-4;150,0.0019270834;151,0.0023958334;152,0.0033333334;153,0.00296875;154,0.00359375;155,0.0030208332;156,0.001875;157,0.0013020834;158,1.5625E-4;159,2.0833334E-4;160,3.125E-4;161,0.0010416667;162,0.0026041667;163,0.0046354164;164,0.00453125;165,0.0026041667;166,0.00125;167,2.6041668E-4;168,1.0416667E-4;169,5.2083335E-5;170,6.770833E-4;171,0.0014583333;172,0.0020833334;173,0.0034895833;174,0.0035416668;175,0.0030208332;176,0.0017708334;177,5.2083336E-4;178,0.0017708334;179,0.0021354167;180,0.001875;181,7.8125E-4;182,0.0;183,4.1666668E-4;184,0.0011458333;185,0.0011458333;186,8.3333335E-4;187,0.00234375;188,0.0033854167;189,0.0015104166;190,2.6041668E-4;191,0.0;",
		"dropsList": [
			{
				"itemStack": "minecraft:dirt:0",
				"fortunes": {
					"0": 1.0,
					"1": 1.0,
					"2": 1.0,
					"3": 1.0
				}
			}
		],
		"silktouch": true,
		"dim": "Overworld"
	},
	{
		"block": "minecraft:leaves:1",
		"distrib": "0,0.0;78,0.0;79,2.0833334E-4;80,0.0;",
		"dropsList": [
			{
				"itemStack": "minecraft:sapling:1",
				"fortunes": {
					"0": 0.0483,
					"1": 0.0648,
					"2": 0.0794,
					"3": 0.0954
				}
			}
		],
		"silktouch": true,
		"dim": "Overworld"
	},
	{
		"block": "minecraft:web:0",
		"distrib": "0,0.0;18,0.0;19,1.0416667E-4;20,5.2083335E-5;21,0.0;22,0.0;23,1.5625E-4;24,5.2083335E-5;25,0.0;",
		"dropsList": [
			{
				"itemStack": "minecraft:string:0",
				"fortunes": {
					"0": 1.0,
					"1": 1.0,
					"2": 1.0,
					"3": 1.0
				}
			}
		],
		"silktouch": true,
		"dim": "Overworld"
	},
	{
		"block": "minecraft:log:1",
		"distrib": "0,0.0;77,0.0;78,5.2083335E-5;79,5.2083335E-5;80,0.0;",
		"dropsList": [
			{
				"itemStack": "minecraft:log:1",
				"fortunes": {
					"0": 1.0,
					"1": 1.0,
					"2": 1.0,
					"3": 1.0
				}
			}
		],
		"silktouch": true,
		"dim": "Overworld"
	},
	{
		"block": "biomesoplenty:stone_formations:0",
		"distrib": "0,0.0;10,0.0;11,0.00125;12,0.0013541667;13,0.0015625;14,0.00109375;15,0.0013020834;16,9.895833E-4;17,7.8125E-4;18,0.00109375;19,0.0016145833;20,0.00125;21,0.0010416667;22,0.0011979167;23,0.0014583333;24,0.00171875;25,0.0021354167;26,0.001875;27,0.0014583333;28,0.0014583333;29,0.00125;30,9.895833E-4;31,4.6875E-4;32,2.0833334E-4;33,2.6041668E-4;34,2.6041668E-4;35,6.25E-4;36,8.854167E-4;37,7.2916667E-4;38,6.770833E-4;39,2.6041668E-4;41,2.6041668E-4;42,1.5625E-4;43,2.6041668E-4;44,1.5625E-4;45,1.0416667E-4;46,5.2083336E-4;47,5.2083336E-4;48,6.25E-4;49,5.7291664E-4;50,3.6458333E-4;51,4.1666668E-4;52,2.6041668E-4;53,3.6458333E-4;54,5.2083336E-4;55,3.125E-4;56,1.0416667E-4;57,0.0;",
		"silktouch": false,
		"dim": "Overworld"
	},
	{
		"block": "biomesoplenty:flower_1:3",
		"distrib": "0,0.0;28,0.0;29,1.0416667E-4;30,5.2083335E-5;31,0.0;",
		"dropsList": [
			{
				"itemStack": "biomesoplenty:flower_1:3",
				"fortunes": {
					"0": 1.0,
					"1": 1.0,
					"2": 1.0,
					"3": 1.0
				}
			}
		],
		"silktouch": false,
		"dim": "Overworld"
	},
	{
		"block": "minecraft:brown_mushroom:0",
		"distrib": "0,0.0;23,0.0;24,5.2083335E-5;25,0.0;",
		"dropsList": [
			{
				"itemStack": "minecraft:brown_mushroom:0",
				"fortunes": {
					"0": 1.0,
					"1": 1.0,
					"2": 1.0,
					"3": 1.0
				}
			}
		],
		"silktouch": false,
		"dim": "Overworld"
	}
]