[
	{
		"block": "biomesoplenty:plant_0:12",
		"distrib": "0,0.0;62,0.0;63,1.5625E-5;64,0.0;65,5.46875E-5;66,1.5625E-5;67,7.8125E-6;68,7.8125E-6;69,3.90625E-5;70,1.5625E-5;71,2.34375E-5;72,1.5625E-5;73,0.0;74,3.90625E-5;75,7.8125E-6;76,2.34375E-5;77,1.640625E-4;78,6.25E-5;79,1.5625E-5;81,1.5625E-5;82,0.0;89,0.0;90,7.8125E-6;91,0.0;94,0.0;95,7.8125E-6;96,0.0;",
		"silktouch": false,
		"dim": "Overworld"
	},
	{
		"block": "biomesoplenty:mushroom:3",
		"distrib": "0,0.0;10,0.0;11,2.34375E-5;12,4.6875E-5;13,3.125E-5;14,7.03125E-5;15,1.5625E-5;16,4.6875E-5;17,3.90625E-5;18,6.25E-5;19,9.375E-5;20,4.6875E-5;21,1.5625E-5;22,3.90625E-5;23,3.125E-5;24,8.59375E-5;25,1.09375E-4;26,4.6875E-5;27,8.59375E-5;28,4.6875E-5;29,9.375E-5;30,5.46875E-5;31,4.6875E-5;32,1.015625E-4;33,1.484375E-4;34,9.375E-5;35,6.25E-5;36,6.25E-5;37,5.46875E-5;38,3.125E-5;39,0.0;40,4.6875E-5;41,1.5625E-5;42,3.125E-5;43,7.8125E-6;44,7.8125E-6;45,5.46875E-5;46,0.0;55,0.0;56,3.90625E-5;57,0.0;",
		"dropsList": [
			{
				"itemStack": "biomesoplenty:mushroom:3",
				"fortunes": {
					"0": 1.0,
					"1": 1.0,
					"2": 1.0,
					"3": 1.0
				}
			}
		],
		"silktouch": false,
		"dim": "Overworld"
	},
	{
		"block": "biomesoplenty:plant_0:11",
		"distrib": "0,0.0;62,0.0;63,8.671875E-4;64,1.5625E-5;65,6.25E-5;66,1.5625E-5;67,0.0;68,7.8125E-6;69,0.0;70,4.6875E-5;71,0.0;72,0.0;73,1.5625E-5;74,2.34375E-5;75,0.0;76,3.90625E-5;77,1.40625E-4;78,2.34375E-5;79,3.125E-5;80,0.0;81,1.5625E-5;82,0.0;84,0.0;85,7.8125E-6;86,0.0;95,0.0;96,7.8125E-6;97,0.0;",
		"silktouch": false,
		"dim": "Overworld"
	},
	{
		"block": "biomesoplenty:plant_0:10",
		"distrib": "0,0.0;62,0.0;63,7.8125E-6;64,0.0;69,0.0;70,3.125E-5;71,0.0;77,0.0;78,7.8125E-6;79,7.8125E-6;80,0.0;",
		"silktouch": false,
		"dim": "Overworld"
	},
	{
		"block": "minecraft:dye:3",
		"distrib": "0,0.0;74,0.0;75,1.5625E-5;76,1.5625E-5;77,3.90625E-5;78,7.8125E-6;79,7.8125E-6;80,0.0;83,0.0;84,2.34375E-5;85,0.0;86,7.8125E-6;87,7.8125E-6;88,0.0;",
		"dropsList": [
			{
				"itemStack": "minecraft:dye:3",
				"fortunes": {
					"0": 1.0,
					"1": 1.0,
					"2": 1.0,
					"3": 1.0
				}
			}
		],
		"silktouch": false,
		"dim": "Overworld"
	},
	{
		"block": "minecraft:water:0",
		"distrib": "0,0.0;7,0.0;8,3.359375E-4;9,0.0011875;10,0.0;11,3.125E-5;12,7.8125E-6;13,1.5625E-5;14,2.34375E-5;15,9.375E-5;16,8.984375E-4;17,0.0010625;18,1.25E-4;19,6.40625E-4;20,3.90625E-5;21,3.125E-5;22,2.34375E-5;23,2.5E-4;24,7.421875E-4;25,4.140625E-4;26,0.001;27,2.5E-4;28,0.0013984375;29,3.90625E-4;30,9.21875E-4;31,0.0012890626;32,0.002546875;33,0.005265625;34,0.01309375;35,0.023890626;36,0.040476564;37,0.04696875;38,0.05244531;39,0.05825;40,0.06942187;41,0.08473437;42,0.101671875;43,0.12363281;44,0.14696875;45,0.17177343;46,0.19989844;47,0.23890625;48,0.009953125;49,0.010734375;50,0.011695312;51,0.01278125;52,0.014320312;53,0.0160625;54,0.01825;55,0.021679688;56,0.027148437;57,0.032226562;58,0.04025781;59,0.0508125;60,0.06324219;61,0.08051562;62,0.08682813;63,5.859375E-4;64,3.125E-5;65,2.03125E-4;66,7.8125E-6;67,7.8125E-5;68,1.484375E-4;69,7.8125E-6;70,3.59375E-4;71,0.0;73,0.0;74,7.8125E-6;75,0.0;76,1.40625E-4;77,7.03125E-4;78,0.0;150,0.0;151,8.59375E-5;152,3.59375E-4;153,7.5E-4;154,0.0;",
		"silktouch": false,
		"dim": "Overworld"
	},
	{
		"block": "biomesoplenty:mushroom:0",
		"distrib": "0,0.0;72,0.0;73,1.5625E-5;74,7.8125E-6;75,0.0;76,7.8125E-6;77,7.8125E-6;78,0.0;",
		"dropsList": [
			{
				"itemStack": "biomesoplenty:mushroom:0",
				"fortunes": {
					"0": 1.0,
					"1": 1.0,
					"2": 1.0,
					"3": 1.0
				}
			}
		],
		"silktouch": false,
		"dim": "Overworld"
	},
	{
		"block": "biomesoplenty:mushroom:1",
		"distrib": "0,0.0;62,0.0;63,3.125E-5;64,0.0;",
		"dropsList": [
			{
				"itemStack": "biomesoplenty:mushroom:1",
				"fortunes": {
					"0": 1.0,
					"1": 1.0,
					"2": 1.0,
					"3": 1.0
				}
			}
		],
		"silktouch": false,
		"dim": "Overworld"
	},
	{
		"block": "minecraft:snow:0",
		"distrib": "0,0.0;61,0.0;62,6.875E-4;63,0.003734375;64,1.640625E-4;65,1.171875E-4;66,9.375E-5;67,4.609375E-4;68,3.28125E-4;69,2.109375E-4;70,8.59375E-5;71,7.8125E-5;72,7.03125E-5;73,7.03125E-5;74,6.25E-5;75,5.46875E-5;76,4.6875E-5;77,6.25E-5;78,7.03125E-5;79,7.03125E-5;80,7.8125E-5;81,9.375E-5;82,8.59375E-5;83,8.59375E-5;84,1.40625E-4;85,1.484375E-4;86,1.328125E-4;87,1.484375E-4;88,1.796875E-4;89,2.109375E-4;90,1.953125E-4;91,2.109375E-4;92,2.578125E-4;93,2.734375E-4;94,2.65625E-4;95,3.203125E-4;96,3.828125E-4;97,3.828125E-4;98,3.75E-4;99,4.0625E-4;100,4.84375E-4;101,5.625E-4;102,5.859375E-4;103,5.625E-4;104,5.390625E-4;105,5.625E-4;106,5.234375E-4;107,5.703125E-4;108,5.9375E-4;109,6.015625E-4;110,5.9375E-4;111,5.703125E-4;112,5.703125E-4;113,6.015625E-4;114,5.9375E-4;115,6.640625E-4;116,6.953125E-4;117,6.796875E-4;118,6.484375E-4;119,6.796875E-4;120,7.109375E-4;121,7.1875E-4;122,6.875E-4;123,6.953125E-4;124,7.109375E-4;125,7.5E-4;126,7.421875E-4;127,7.65625E-4;128,7.65625E-4;129,7.5E-4;130,7.578125E-4;131,7.421875E-4;132,7.734375E-4;133,8.046875E-4;134,8.046875E-4;135,8.28125E-4;136,8.125E-4;137,7.96875E-4;138,8.4375E-4;139,8.671875E-4;140,8.515625E-4;141,8.75E-4;142,8.4375E-4;143,8.515625E-4;144,8.671875E-4;145,9.453125E-4;146,9.296875E-4;147,9.140625E-4;148,9.6875E-4;149,9.6875E-4;150,9.921875E-4;151,0.001046875;152,0.001;153,9.921875E-4;154,0.001;155,0.0010234375;156,0.0010703125;157,0.001046875;158,0.001015625;159,9.921875E-4;160,9.609375E-4;161,0.0010859375;162,0.0011171876;163,0.0011796874;164,0.0011640625;165,0.00115625;166,0.001203125;167,0.00128125;168,0.0013515624;169,0.00140625;170,0.00146875;171,0.0013671875;172,0.001421875;173,0.0015;174,0.0015703125;175,0.0016875;176,0.00153125;177,0.00159375;178,0.0017265625;179,0.00178125;180,0.0019609374;181,0.002125;182,0.0022734376;183,0.003890625;184,0.006546875;185,0.009335938;186,0.013523437;187,0.017046874;188,0.019234374;189,0.019929688;190,0.021234374;191,0.021179687;192,0.0;",
		"dropsList": [
			{
				"itemStack": "minecraft:snowball:0",
				"fortunes": {
					"0": 4.0,
					"1": 4.0,
					"2": 4.0,
					"3": 4.0
				}
			}
		],
		"silktouch": true,
		"dim": "Overworld"
	},
	{
		"block": "minecraft:leaves2:1",
		"distrib": "0,0.0;68,0.0;69,2.34375E-5;70,5.46875E-5;71,8.59375E-5;72,1.171875E-4;73,1.171875E-4;74,9.375E-5;75,9.375E-5;76,7.8125E-5;77,1.328125E-4;78,3.90625E-5;79,3.125E-5;80,0.0;",
		"dropsList": [
			{
				"itemStack": "minecraft:apple:0",
				"fortunes": {
					"0": 0.0054,
					"1": 0.0076,
					"2": 0.0066,
					"3": 0.0089
				}
			},
			{
				"itemStack": "minecraft:sapling:5",
				"fortunes": {
					"0": 0.0483,
					"1": 0.0607,
					"2": 0.0823,
					"3": 0.0914
				}
			}
		],
		"silktouch": true,
		"dim": "Overworld"
	},
	{
		"block": "minecraft:snow_layer:0",
		"distrib": "0,0.0;62,0.0;63,0.001046875;64,0.0;75,0.0;76,7.8125E-6;77,0.0;78,0.0;79,1.5625E-5;80,0.0;81,0.0;82,7.8125E-6;83,7.8125E-6;84,0.0;85,0.0;86,1.5625E-5;87,7.8125E-6;88,0.0;89,1.5625E-5;90,3.125E-5;91,7.8125E-6;92,2.34375E-5;93,5.46875E-5;94,1.484375E-4;95,1.015625E-4;96,6.25E-5;97,8.59375E-5;98,1.25E-4;99,1.328125E-4;100,1.09375E-4;101,1.09375E-4;102,9.375E-5;103,1.09375E-4;104,1.484375E-4;105,1.40625E-4;106,1.40625E-4;107,6.25E-5;108,7.8125E-5;109,1.25E-4;110,1.328125E-4;111,1.640625E-4;112,9.375E-5;113,7.8125E-5;114,1.015625E-4;115,6.25E-5;116,1.015625E-4;117,1.09375E-4;118,1.171875E-4;119,7.8125E-5;120,1.015625E-4;121,7.8125E-5;122,8.59375E-5;123,1.015625E-4;124,9.375E-5;125,1.09375E-4;126,1.09375E-4;127,6.25E-5;128,7.03125E-5;129,1.09375E-4;130,8.59375E-5;131,1.09375E-4;132,8.59375E-5;133,7.8125E-5;134,1.171875E-4;135,8.59375E-5;136,9.375E-5;137,5.46875E-5;138,1.015625E-4;139,7.8125E-5;140,1.09375E-4;141,1.015625E-4;142,9.375E-5;143,9.375E-5;144,1.09375E-4;145,5.46875E-5;146,9.375E-5;147,1.015625E-4;148,7.03125E-5;149,1.328125E-4;150,8.59375E-5;151,7.03125E-5;152,1.25E-4;153,1.09375E-4;155,1.09375E-4;156,8.59375E-5;157,1.015625E-4;158,1.09375E-4;159,1.40625E-4;160,1.171875E-4;161,7.03125E-5;162,1.015625E-4;163,1.171875E-4;164,1.171875E-4;165,1.09375E-4;166,1.328125E-4;167,7.8125E-5;168,1.09375E-4;169,1.015625E-4;170,1.171875E-4;171,2.265625E-4;172,1.25E-4;173,1.25E-4;174,1.171875E-4;175,1.5625E-4;176,1.09375E-4;177,1.484375E-4;178,1.40625E-4;179,1.71875E-4;180,1.015625E-4;181,1.25E-4;182,2.109375E-4;183,1.640625E-4;184,2.578125E-4;185,1.640625E-4;186,2.265625E-4;187,2.421875E-4;188,2.109375E-4;189,3.046875E-4;190,3.125E-4;191,3.125E-4;192,0.0;",
		"dropsList": [
			{
				"itemStack": "minecraft:snowball:0",
				"fortunes": {
					"0": 2.0,
					"1": 2.0,
					"2": 2.0,
					"3": 2.0
				}
			}
		],
		"silktouch": false,
		"dim": "Overworld"
	},
	{
		"block": "minecraft:lapis_ore:0",
		"distrib": "0,0.0;1,3.90625E-5;2,1.015625E-4;3,2.109375E-4;4,3.203125E-4;5,3.046875E-4;6,6.015625E-4;7,5.703125E-4;8,5.703125E-4;9,7.03125E-4;10,6.953125E-4;11,7.109375E-4;12,8.671875E-4;13,8.046875E-4;14,6.875E-4;15,7.34375E-4;16,9.21875E-4;17,6.71875E-4;18,6.171875E-4;19,9.0625E-4;20,6.953125E-4;21,2.890625E-4;22,6.015625E-4;23,5.078125E-4;24,4.0625E-4;25,2.65625E-4;26,2.34375E-4;27,2.890625E-4;28,1.5625E-4;29,6.25E-5;30,0.0;",
		"dropsList": [
			{
				"itemStack": "minecraft:dye:4",
				"fortunes": {
					"0": 6.0191,
					"1": 8.076,
					"2": 10.5042,
					"3": 13.1557
				}
			}
		],
		"silktouch": true,
		"dim": "Overworld"
	},
	{
		"block": "minecraft:log2:1",
		"distrib": "0,0.0;65,0.0;66,1.5625E-5;68,1.5625E-5;69,3.125E-5;74,3.125E-5;75,1.5625E-5;76,1.5625E-5;77,7.8125E-6;78,1.5625E-5;79,1.5625E-5;80,0.0;",
		"dropsList": [
			{
				"itemStack": "minecraft:log2:1",
				"fortunes": {
					"0": 1.0,
					"1": 1.0,
					"2": 1.0,
					"3": 1.0
				}
			}
		],
		"silktouch": true,
		"dim": "Overworld"
	},
	{
		"block": "biomesoplenty:log_0:7",
		"distrib": "0,0.0;68,0.0;69,1.5625E-5;70,7.03125E-5;71,7.03125E-5;72,9.375E-5;73,1.796875E-4;74,2.96875E-4;75,3.046875E-4;76,3.828125E-4;77,3.75E-4;78,6.25E-4;79,4.453125E-4;80,5.546875E-4;81,4.453125E-4;82,5.546875E-4;83,4.6875E-4;84,7.578125E-4;85,4.609375E-4;86,6.71875E-4;87,4.140625E-4;88,6.5625E-4;89,3.28125E-4;90,5.9375E-4;91,2.890625E-4;92,4.0625E-4;93,1.71875E-4;94,3.28125E-4;95,1.40625E-4;96,1.25E-4;97,7.8125E-6;98,1.09375E-4;99,7.8125E-6;100,1.015625E-4;101,7.8125E-6;102,7.03125E-5;103,7.8125E-6;104,3.90625E-5;105,7.8125E-6;106,3.90625E-5;107,7.8125E-6;111,7.8125E-6;112,0.0;",
		"dropsList": [
			{
				"itemStack": "biomesoplenty:log_0:7",
				"fortunes": {
					"0": 1.0,
					"1": 1.0,
					"2": 1.0,
					"3": 1.0
				}
			}
		],
		"silktouch": true,
		"dim": "Overworld"
	},
	{
		"block": "minecraft:gravel:0",
		"distrib": "0,0.0;1,0.0023515625;2,0.00459375;3,0.0075;4,0.010585938;5,0.0119375;6,0.010039062;7,0.010265625;8,0.011476562;9,0.013351562;10,0.013664062;11,0.0124765625;12,0.011828125;13,0.01196875;14,0.012460938;15,0.012015625;16,0.012023438;17,0.012890625;18,0.0140703125;19,0.013460938;20,0.011921875;21,0.011195312;22,0.010695312;23,0.011234375;24,0.010898437;25,0.011390625;26,0.012234375;27,0.012421875;28,0.012929687;29,0.011921875;30,0.010210938;31,0.0115;32,0.013445312;33,0.02059375;34,0.023421874;35,0.028867187;36,0.017992187;37,0.01596875;38,0.0169375;39,0.024101563;40,0.027867187;41,0.028367188;42,0.033640627;43,0.033953127;44,0.03628125;45,0.039742187;46,0.048992187;47,0.079875;48,0.005546875;49,0.0045546875;50,0.004515625;51,0.005546875;52,0.005828125;53,0.0066875;54,0.0066796876;55,0.007265625;56,0.00709375;57,0.006296875;58,0.006109375;59,0.0050859377;60,0.0073984377;61,0.009320312;62,0.008648437;63,0.007960938;64,0.0033984375;65,0.0033515624;66,0.0034296876;67,0.0032421874;68,0.0024140624;69,0.0018125;70,0.0015546875;71,0.0013046875;72,0.001078125;73,0.00134375;74,0.001140625;75,0.001140625;76,0.0010546875;77,0.001234375;78,0.0013828125;79,0.0010390625;80,7.578125E-4;81,5.078125E-4;82,2.109375E-4;83,2.421875E-4;84,7.578125E-4;85,0.0013828125;86,0.001359375;87,8.90625E-4;88,5.15625E-4;89,3.125E-4;90,4.296875E-4;91,4.921875E-4;92,4.6875E-4;93,3.828125E-4;94,3.125E-4;95,4.453125E-4;96,4.296875E-4;97,3.28125E-4;98,1.71875E-4;99,1.328125E-4;100,2.34375E-4;101,3.984375E-4;102,6.796875E-4;103,7.734375E-4;104,8.203125E-4;105,6.015625E-4;106,3.359375E-4;107,2.5E-4;108,2.65625E-4;109,5.078125E-4;110,4.609375E-4;111,4.84375E-4;112,5.9375E-4;113,6.796875E-4;114,6.875E-4;115,5.234375E-4;116,3.203125E-4;117,7.8125E-5;118,2.34375E-4;119,4.765625E-4;120,5.0E-4;121,3.90625E-4;122,2.109375E-4;123,4.140625E-4;124,5.9375E-4;125,6.875E-4;126,8.515625E-4;127,7.8125E-4;128,7.421875E-4;129,4.375E-4;130,2.265625E-4;131,2.03125E-4;132,4.6875E-4;133,5.625E-4;134,4.296875E-4;135,1.484375E-4;136,1.796875E-4;137,3.75E-4;138,6.09375E-4;139,4.84375E-4;140,4.765625E-4;141,4.453125E-4;142,2.578125E-4;143,7.8125E-5;144,7.8125E-6;145,1.328125E-4;146,1.796875E-4;147,3.59375E-4;148,4.453125E-4;149,3.75E-4;150,3.046875E-4;151,1.796875E-4;152,7.03125E-5;153,7.8125E-6;154,0.0;155,7.8125E-5;156,1.328125E-4;157,1.953125E-4;158,2.8125E-4;159,3.28125E-4;160,4.375E-4;161,3.4375E-4;162,2.03125E-4;163,2.265625E-4;164,2.578125E-4;165,3.125E-4;166,5.15625E-4;167,5.078125E-4;168,8.046875E-4;169,7.65625E-4;170,5.78125E-4;171,6.015625E-4;172,3.359375E-4;173,4.0625E-4;174,5.3125E-4;175,4.609375E-4;176,3.359375E-4;177,3.90625E-5;178,2.34375E-5;179,2.34375E-4;180,3.359375E-4;181,2.96875E-4;182,1.71875E-4;183,0.0;184,0.0;185,7.8125E-5;186,1.640625E-4;187,0.0;",
		"dropsList": [
			{
				"itemStack": "minecraft:flint:0",
				"fortunes": {
					"0": 0.0981,
					"1": 0.1483,
					"2": 0.2527,
					"3": 1.0
				}
			},
			{
				"itemStack": "minecraft:gravel:0",
				"fortunes": {
					"0": 0.9019,
					"1": 0.8517,
					"2": 0.7473
				}
			}
		],
		"silktouch": true,
		"dim": "Overworld"
	},
	{
		"block": "biomesoplenty:crag_rock:0",
		"distrib": "0,0.0;52,0.0;53,7.8125E-6;60,7.8125E-6;61,0.0;82,0.0;83,7.8125E-6;90,7.8125E-6;91,0.0;",
		"dropsList": [
			{
				"itemStack": "biomesoplenty:crag_rock:0",
				"fortunes": {
					"0": 1.0,
					"1": 1.0,
					"2": 1.0,
					"3": 1.0
				}
			}
		],
		"silktouch": true,
		"dim": "Overworld"
	},
	{
		"block": "minecraft:ice:0",
		"distrib": "0,0.0;61,0.0;62,0.011078125;63,0.0;",
		"silktouch": true,
		"dim": "Overworld"
	},
	{
		"block": "biomesoplenty:mud:0",
		"distrib": "0,0.0;44,0.0;45,3.125E-5;46,3.90625E-5;47,6.25E-5;48,0.0;53,0.0;54,1.5625E-5;55,2.8125E-4;56,9.53125E-4;57,0.001390625;58,0.0012578125;59,0.0021328125;60,0.00253125;61,1.015625E-4;62,8.59375E-5;63,9.375E-5;64,0.0;",
		"dropsList": [
			{
				"itemStack": "biomesoplenty:mudball:0",
				"fortunes": {
					"0": 4.0,
					"1": 4.0,
					"2": 4.0,
					"3": 4.0
				}
			}
		],
		"silktouch": true,
		"dim": "Overworld"
	},
	{
		"block": "minecraft:clay:0",
		"distrib": "0,0.0;38,0.0;39,1.09375E-4;40,7.03125E-5;41,2.265625E-4;42,1.484375E-4;43,1.09375E-4;44,6.25E-5;45,5.46875E-5;46,3.90625E-5;47,5.46875E-5;48,0.0;50,0.0;51,7.8125E-6;52,3.90625E-5;53,5.46875E-5;54,2.96875E-4;55,2.109375E-4;56,1.796875E-4;57,4.53125E-4;58,6.71875E-4;59,5.859375E-4;60,5.390625E-4;61,8.4375E-4;62,7.8125E-5;63,3.90625E-5;64,0.0;",
		"dropsList": [
			{
				"itemStack": "minecraft:clay_ball:0",
				"fortunes": {
					"0": 4.0,
					"1": 4.0,
					"2": 4.0,
					"3": 4.0
				}
			}
		],
		"silktouch": true,
		"dim": "Overworld"
	},
	{
		"block": "biomesoplenty:leaves_1:10",
		"distrib": "0,0.0;71,0.0;72,3.125E-5;73,4.296875E-4;74,6.875E-4;75,7.109375E-4;76,7.1875E-4;77,5.703125E-4;78,0.002265625;79,0.001390625;80,0.0022109374;81,0.001640625;82,0.0025546874;83,0.0017265625;84,0.0037578125;85,0.002453125;86,0.003625;87,0.0023359375;88,0.00346875;89,0.00228125;90,0.003296875;91,0.0020859374;92,0.00259375;93,0.00159375;94,0.0021015625;95,0.001203125;96,5.703125E-4;97,2.8125E-4;98,5.390625E-4;99,2.734375E-4;100,5.46875E-4;101,2.578125E-4;102,4.609375E-4;103,1.640625E-4;104,3.828125E-4;105,6.25E-5;106,3.59375E-4;107,6.25E-5;108,2.5E-4;109,3.125E-5;110,1.5625E-4;111,3.125E-5;112,0.0;",
		"dropsList": [
			{
				"itemStack": "biomesoplenty:pinecone:0",
				"fortunes": {
					"0": 0.0051,
					"1": 0.0061,
					"2": 0.0056,
					"3": 0.0096
				}
			},
			{
				"itemStack": "biomesoplenty:sapling_0:6",
				"fortunes": {
					"0": 0.049,
					"1": 0.0652,
					"2": 0.0851,
					"3": 0.0966
				}
			}
		],
		"silktouch": true,
		"dim": "Overworld"
	},
	{
		"block": "minecraft:yellow_flower:0",
		"distrib": "0,0.0;39,0.0;40,7.8125E-6;41,0.0;43,0.0;44,7.8125E-6;45,0.0;62,0.0;63,6.25E-5;64,1.5625E-5;65,3.125E-5;66,5.46875E-5;67,3.90625E-5;68,3.90625E-5;69,1.5625E-5;70,7.8125E-5;71,4.6875E-5;72,7.8125E-6;73,3.125E-5;74,7.8125E-6;75,1.5625E-5;76,7.8125E-6;77,1.5625E-5;78,5.46875E-5;79,3.125E-5;80,0.0;81,0.0;82,7.8125E-6;83,0.0;",
		"dropsList": [
			{
				"itemStack": "minecraft:yellow_flower:0",
				"fortunes": {
					"0": 1.0,
					"1": 1.0,
					"2": 1.0,
					"3": 1.0
				}
			}
		],
		"silktouch": false,
		"dim": "Overworld"
	},
	{
		"block": "minecraft:flowing_lava:0",
		"distrib": "0,0.0;4,0.0;5,5.859375E-4;6,0.0010859375;7,0.0012109375;8,0.0019375;9,0.003046875;10,0.0029921874;11,0.0;",
		"silktouch": false,
		"dim": "Overworld"
	},
	{
		"block": "biomesoplenty:grass:4",
		"distrib": "0,0.0;61,0.0;62,0.013203125;63,0.021515625;64,8.671875E-4;65,7.65625E-4;66,5.859375E-4;67,5.3125E-4;68,2.96875E-4;69,2.578125E-4;70,2.34375E-4;71,2.5E-4;72,2.1875E-4;73,2.578125E-4;74,1.640625E-4;75,2.421875E-4;76,2.03125E-4;77,1.875E-4;78,1.640625E-4;79,1.71875E-4;80,1.71875E-4;81,1.796875E-4;82,1.640625E-4;83,9.375E-5;84,1.328125E-4;85,1.953125E-4;86,1.015625E-4;87,1.40625E-4;88,1.40625E-4;89,9.375E-5;90,1.171875E-4;91,1.71875E-4;92,7.8125E-5;93,1.09375E-4;94,1.484375E-4;95,9.375E-5;96,5.46875E-5;97,7.03125E-5;98,1.09375E-4;99,9.375E-5;100,9.375E-5;101,4.6875E-5;102,4.6875E-5;103,7.8125E-5;104,1.171875E-4;105,4.6875E-5;106,3.90625E-5;107,3.125E-5;108,4.6875E-5;109,5.46875E-5;110,7.03125E-5;111,3.125E-5;112,3.90625E-5;113,4.6875E-5;114,3.90625E-5;115,2.34375E-5;116,3.90625E-5;117,3.125E-5;118,3.90625E-5;119,2.34375E-5;120,7.8125E-6;121,7.8125E-6;122,3.125E-5;124,3.125E-5;125,1.5625E-5;126,1.5625E-5;127,7.8125E-6;129,7.8125E-6;130,2.34375E-5;131,7.8125E-6;132,1.5625E-5;133,2.34375E-5;134,0.0;135,7.8125E-6;136,0.0;137,7.8125E-6;140,7.8125E-6;141,0.0;142,0.0;143,7.8125E-6;144,0.0;146,0.0;147,7.8125E-6;148,0.0;",
		"dropsList": [
			{
				"itemStack": "biomesoplenty:dirt:2",
				"fortunes": {
					"0": 1.0,
					"1": 1.0,
					"2": 1.0,
					"3": 1.0
				}
			}
		],
		"silktouch": true,
		"dim": "Overworld"
	},
	{
		"block": "biomesoplenty:grass:3",
		"distrib": "0,0.0;61,0.0;62,2.109375E-4;63,5.703125E-4;64,0.0;",
		"dropsList": [
			{
				"itemStack": "biomesoplenty:dirt:1",
				"fortunes": {
					"0": 1.0,
					"1": 1.0,
					"2": 1.0,
					"3": 1.0
				}
			}
		],
		"silktouch": true,
		"dim": "Overworld"
	},
	{
		"block": "minecraft:lava:0",
		"distrib": "0,0.0;1,0.0;2,0.01971875;3,0.032359377;4,0.043320313;5,0.055507813;6,0.055078126;7,0.056796875;8,0.058570314;9,0.058398437;10,0.05278125;11,3.125E-5;12,3.125E-5;13,1.5625E-5;14,2.34375E-5;15,4.6875E-5;16,2.34375E-5;17,7.8125E-6;18,7.8125E-6;19,1.5625E-5;20,7.8125E-6;21,2.34375E-5;22,1.09375E-4;23,5.078125E-4;24,0.0;25,1.5625E-5;26,0.0;27,7.8125E-6;28,3.125E-5;29,3.671875E-4;30,1.09375E-4;31,7.8125E-6;32,3.90625E-5;33,2.96875E-4;34,5.546875E-4;35,7.03125E-5;36,5.0E-4;37,6.640625E-4;38,6.640625E-4;39,0.0;40,7.8125E-6;41,1.5625E-5;42,0.0;43,5.46875E-5;44,6.328125E-4;45,1.09375E-4;46,5.46875E-4;47,7.8125E-6;48,0.0;52,0.0;53,3.59375E-4;54,7.578125E-4;55,0.0;100,0.0;101,3.90625E-5;102,0.0;",
		"silktouch": false,
		"dim": "Overworld"
	},
	{
		"block": "biomesoplenty:grass:2",
		"distrib": "0,0.0;61,0.0;62,2.34375E-5;63,7.8125E-6;64,2.34375E-5;65,1.5625E-5;66,2.34375E-5;67,3.125E-5;68,7.578125E-4;69,0.001484375;70,5.546875E-4;71,7.421875E-4;72,0.001484375;73,0.00225;74,0.001640625;75,0.001625;76,0.0018515625;77,0.0010703125;78,6.25E-5;79,0.0;",
		"dropsList": [
			{
				"itemStack": "biomesoplenty:dirt:0",
				"fortunes": {
					"0": 1.0,
					"1": 1.0,
					"2": 1.0,
					"3": 1.0
				}
			}
		],
		"silktouch": true,
		"dim": "Overworld"
	},
	{
		"block": "biomesoplenty:leaves_4:11",
		"distrib": "0,0.0;67,0.0;68,7.03125E-5;69,2.109375E-4;70,5.546875E-4;71,2.890625E-4;72,3.046875E-4;73,2.734375E-4;74,2.5E-4;75,1.71875E-4;76,1.71875E-4;77,2.1875E-4;78,2.34375E-4;79,1.5625E-4;80,0.0;",
		"dropsList": [
			{
				"itemStack": "biomesoplenty:pear:0",
				"fortunes": {
					"0": 0.0041,
					"1": 0.0052,
					"2": 0.0068,
					"3": 0.008
				}
			},
			{
				"itemStack": "biomesoplenty:sapling_2:3",
				"fortunes": {
					"0": 0.0473,
					"1": 0.0603,
					"2": 0.0804,
					"3": 0.0998
				}
			}
		],
		"silktouch": true,
		"dim": "Overworld"
	},
	{
		"block": "minecraft:rail:0",
		"distrib": "0,0.0;10,0.0;11,8.59375E-5;12,0.0;13,1.09375E-4;14,1.875E-4;15,2.578125E-4;16,1.875E-4;17,8.59375E-5;18,5.46875E-5;19,1.09375E-4;20,4.0625E-4;21,0.0;23,0.0;24,1.171875E-4;25,1.40625E-4;26,7.03125E-5;27,3.90625E-5;28,0.0;30,0.0;31,1.40625E-4;32,1.953125E-4;33,4.0625E-4;34,2.734375E-4;35,5.859375E-4;36,3.28125E-4;37,1.5625E-4;38,3.125E-5;39,1.40625E-4;40,5.9375E-4;41,1.640625E-4;42,0.0;43,2.109375E-4;44,1.71875E-4;45,0.0;46,7.03125E-5;47,0.0;48,0.0;49,1.328125E-4;50,0.0;",
		"dropsList": [
			{
				"itemStack": "minecraft:rail:0",
				"fortunes": {
					"0": 1.0,
					"1": 1.0,
					"2": 1.0,
					"3": 1.0
				}
			}
		],
		"silktouch": false,
		"dim": "Overworld"
	},
	{
		"block": "minecraft:flowing_water:1",
		"distrib": "0,0.0;10,0.0;11,3.125E-5;12,7.8125E-6;13,1.5625E-5;14,1.5625E-5;15,7.8125E-6;16,2.34375E-5;17,4.6875E-5;18,7.8125E-6;19,2.34375E-5;20,3.90625E-5;21,3.125E-5;22,7.8125E-6;23,7.8125E-6;24,1.5625E-5;25,2.34375E-5;26,7.8125E-6;27,7.8125E-6;28,0.0;29,1.5625E-5;30,3.125E-5;31,1.5625E-5;32,2.34375E-5;33,1.5625E-5;34,3.125E-5;35,1.5625E-5;37,1.5625E-5;38,2.34375E-5;39,1.5625E-5;40,7.8125E-6;41,1.5625E-5;42,7.8125E-6;43,0.0;44,7.8125E-6;45,7.8125E-6;46,1.5625E-5;47,0.0;49,0.0;50,7.8125E-6;51,0.0;53,0.0;54,7.8125E-6;55,7.8125E-6;56,0.0;59,0.0;60,7.8125E-6;61,0.0;63,0.0;64,7.8125E-6;65,0.0;66,7.8125E-6;67,0.0;73,0.0;74,7.8125E-6;75,0.0;76,0.0;77,7.8125E-6;78,0.0;",
		"silktouch": false,
		"dim": "Overworld"
	},
	{
		"block": "biomesoplenty:plant_0:5",
		"distrib": "0,0.0;62,0.0;63,7.8125E-6;64,0.0;65,0.0;66,7.8125E-6;67,0.0;68,0.0;69,1.5625E-5;70,1.5625E-5;71,0.0;",
		"dropsList": [
			{
				"itemStack": "biomesoplenty:berries:0",
				"fortunes": {
					"0": 1.0,
					"1": 1.0,
					"2": 1.0,
					"3": 1.0
				}
			}
		],
		"silktouch": false,
		"dim": "Overworld"
	},
	{
		"block": "biomesoplenty:plant_0:4",
		"distrib": "0,0.0;75,0.0;76,1.5625E-5;77,7.8125E-6;78,0.0;",
		"silktouch": false,
		"dim": "Overworld"
	},
	{
		"block": "biomesoplenty:plant_0:3",
		"distrib": "0,0.0;62,0.0;63,1.5625E-5;64,0.0;67,0.0;68,2.34375E-5;69,2.34375E-5;70,1.5625E-5;71,1.5625E-5;72,7.8125E-6;73,1.5625E-5;74,0.0;75,1.5625E-5;77,1.5625E-5;78,0.0;",
		"dropsList": [
			{
				"itemStack": "minecraft:carrot:0",
				"fortunes": {
					"0": 0.0103,
					"1": 0.0113,
					"2": 0.0093,
					"3": 0.009
				}
			},
			{
				"itemStack": "minecraft:potato:0",
				"fortunes": {
					"0": 0.0094,
					"1": 0.0096,
					"2": 0.0116,
					"3": 0.0101
				}
			}
		],
		"silktouch": false,
		"dim": "Overworld"
	},
	{
		"block": "biomesoplenty:plant_0:2",
		"distrib": "0,0.0;69,0.0;70,7.8125E-6;71,7.8125E-6;72,0.0;73,2.34375E-5;74,3.90625E-5;75,7.8125E-6;76,1.5625E-5;77,1.5625E-5;78,0.0;",
		"silktouch": false,
		"dim": "Overworld"
	},
	{
		"block": "biomesoplenty:plant_0:9",
		"distrib": "0,0.0;62,0.0;63,7.8125E-6;64,3.90625E-5;65,7.8125E-6;66,0.0;",
		"dropsList": [
			{
				"itemStack": "biomesoplenty:turnip_seeds:0",
				"fortunes": {
					"0": 0.0165,
					"1": 0.0163,
					"2": 0.0148,
					"3": 0.0154
				}
			}
		],
		"silktouch": false,
		"dim": "Overworld"
	},
	{
		"block": "biomesoplenty:plant_0:8",
		"distrib": "0,0.0;62,0.0;63,0.002421875;64,4.6875E-5;65,2.34375E-5;66,4.6875E-5;67,1.40625E-4;68,1.5625E-4;69,1.40625E-4;70,9.375E-5;71,3.125E-5;72,7.8125E-5;73,2.34375E-5;74,1.484375E-4;75,7.8125E-5;76,2.1875E-4;77,2.578125E-4;78,3.90625E-5;79,1.5625E-5;80,7.8125E-6;81,0.0;82,7.8125E-6;83,7.8125E-5;84,1.5625E-5;85,0.0;",
		"dropsList": [
			{
				"itemStack": "minecraft:wheat_seeds:0",
				"fortunes": {
					"0": 0.1292,
					"1": 0.217,
					"2": 0.3642,
					"3": 0.5123
				}
			}
		],
		"silktouch": false,
		"dim": "Overworld"
	},
	{
		"block": "biomesoplenty:plant_0:7",
		"distrib": "0,0.0;62,0.0;63,6.328125E-4;64,0.0;65,5.46875E-5;66,3.046875E-4;67,8.59375E-5;68,3.125E-5;69,7.8125E-5;70,5.46875E-5;71,1.5625E-5;72,0.0;73,3.90625E-5;74,4.6875E-5;75,3.125E-5;76,7.03125E-5;77,2.1875E-4;78,2.1875E-4;79,5.46875E-5;80,1.5625E-5;81,2.34375E-5;82,1.5625E-5;83,7.8125E-6;84,7.8125E-6;85,0.0;",
		"dropsList": [
			{
				"itemStack": "minecraft:wheat_seeds:0",
				"fortunes": {
					"0": 0.1234,
					"1": 0.2584,
					"2": 0.3742,
					"3": 0.5067
				}
			}
		],
		"silktouch": false,
		"dim": "Overworld"
	},
	{
		"block": "biomesoplenty:plant_0:6",
		"distrib": "0,0.0;62,0.0;63,7.8125E-6;64,0.0;65,7.8125E-6;66,0.0;74,0.0;75,1.5625E-5;76,3.125E-5;77,7.8125E-6;78,0.0;85,0.0;86,1.5625E-5;87,0.0;",
		"silktouch": false,
		"dim": "Overworld"
	},
	{
		"block": "minecraft:gold_ore:0",
		"distrib": "0,0.0;1,3.203125E-4;2,4.21875E-4;3,9.921875E-4;4,0.0016875;5,0.0020234375;6,0.001640625;7,0.0017109375;8,0.0016328125;9,0.0014375;10,0.0015546875;11,0.0014296875;12,0.0012578125;13,0.001578125;14,0.001390625;15,0.0013671875;16,0.001125;17,0.00153125;18,0.001765625;19,0.0020625;20,0.0017578125;21,0.0018359375;22,0.001375;23,0.00134375;24,0.00171875;25,0.0020625;26,0.0019609374;27,0.0018046875;28,0.002234375;29,0.0015703125;30,7.03125E-4;31,8.59375E-5;32,0.0;",
		"dropsList": [
			{
				"itemStack": "minecraft:gold_ore:0",
				"fortunes": {
					"0": 1.0,
					"1": 1.0,
					"2": 1.0,
					"3": 1.0
				}
			}
		],
		"silktouch": true,
		"dim": "Overworld"
	},
	{
		"block": "biomesoplenty:coral:4",
		"distrib": "0,0.0;38,0.0;39,7.8125E-6;40,1.640625E-4;41,5.0E-4;42,4.140625E-4;43,5.703125E-4;44,9.375E-5;45,1.640625E-4;46,1.796875E-4;47,1.171875E-4;48,0.0;57,0.0;58,3.90625E-5;59,8.59375E-5;60,1.328125E-4;61,1.171875E-4;62,0.0;",
		"dropsList": [
			{
				"itemStack": "biomesoplenty:coral:4",
				"fortunes": {
					"0": 1.0,
					"1": 1.0,
					"2": 1.0,
					"3": 1.0
				}
			}
		],
		"silktouch": false,
		"dim": "Overworld"
	},
	{
		"block": "biomesoplenty:coral:3",
		"distrib": "0,0.0;40,0.0;41,7.8125E-6;42,0.0;43,0.0;44,7.8125E-6;45,4.6875E-5;46,2.03125E-4;47,7.03125E-5;48,0.0;",
		"dropsList": [
			{
				"itemStack": "biomesoplenty:coral:3",
				"fortunes": {
					"0": 1.0,
					"1": 1.0,
					"2": 1.0,
					"3": 1.0
				}
			}
		],
		"silktouch": false,
		"dim": "Overworld"
	},
	{
		"block": "biomesoplenty:coral:2",
		"distrib": "0,0.0;44,0.0;45,1.171875E-4;46,2.5E-4;47,5.46875E-5;48,0.0;",
		"dropsList": [
			{
				"itemStack": "biomesoplenty:coral:2",
				"fortunes": {
					"0": 1.0,
					"1": 1.0,
					"2": 1.0,
					"3": 1.0
				}
			}
		],
		"silktouch": false,
		"dim": "Overworld"
	},
	{
		"block": "biomesoplenty:coral:1",
		"distrib": "0,0.0;44,0.0;45,4.6875E-5;46,1.25E-4;47,2.34375E-5;48,0.0;",
		"dropsList": [
			{
				"itemStack": "biomesoplenty:coral:1",
				"fortunes": {
					"0": 1.0,
					"1": 1.0,
					"2": 1.0,
					"3": 1.0
				}
			}
		],
		"silktouch": false,
		"dim": "Overworld"
	},
	{
		"block": "biomesoplenty:coral:0",
		"distrib": "0,0.0;43,0.0;44,7.8125E-6;45,1.5625E-5;46,5.46875E-5;47,7.8125E-6;48,0.0;",
		"dropsList": [
			{
				"itemStack": "biomesoplenty:coral:0",
				"fortunes": {
					"0": 1.0,
					"1": 1.0,
					"2": 1.0,
					"3": 1.0
				}
			}
		],
		"silktouch": false,
		"dim": "Overworld"
	},
	{
		"block": "biomesoplenty:hard_ice:0",
		"distrib": "0,0.0;58,0.0;59,1.5625E-5;60,7.03125E-5;61,2.03125E-4;62,3.046875E-4;63,2.734375E-4;64,7.8125E-6;65,7.8125E-6;66,7.03125E-5;67,7.03125E-5;68,3.90625E-5;69,2.34375E-5;70,0.0;72,0.0;73,7.8125E-6;74,0.0;",
		"dropsList": [
			{
				"itemStack": "biomesoplenty:hard_ice:0",
				"fortunes": {
					"0": 1.0,
					"1": 1.0,
					"2": 1.0,
					"3": 1.0
				}
			}
		],
		"silktouch": true,
		"dim": "Overworld"
	},
	{
		"block": "minecraft:flowing_lava:2",
		"distrib": "0,0.0;9,0.0;10,7.8125E-6;11,3.125E-5;12,1.5625E-5;13,1.5625E-5;14,2.34375E-5;15,4.6875E-5;16,2.34375E-5;17,7.8125E-6;18,7.8125E-6;19,1.5625E-5;20,7.8125E-6;21,2.34375E-5;22,0.0;23,7.8125E-6;24,0.0;25,1.5625E-5;26,0.0;27,7.8125E-6;28,1.5625E-5;29,0.0;30,7.8125E-6;31,7.8125E-6;32,0.0;33,0.0;34,2.34375E-5;35,0.0;36,1.5625E-5;37,7.8125E-6;38,0.0;39,0.0;40,7.8125E-6;41,1.5625E-5;42,0.0;43,1.5625E-5;44,7.8125E-6;45,0.0;46,0.0;47,7.8125E-6;48,0.0;",
		"silktouch": false,
		"dim": "Overworld"
	},
	{
		"block": "minecraft:mossy_cobblestone:0",
		"distrib": "0,0.0;12,0.0;13,3.28125E-4;14,0.0;27,0.0;28,2.578125E-4;29,2.8125E-4;30,0.0;31,9.609375E-4;32,1.5625E-4;33,4.140625E-4;34,6.71875E-4;35,0.0;42,0.0;43,3.828125E-4;44,3.75E-4;45,0.0;",
		"dropsList": [
			{
				"itemStack": "minecraft:mossy_cobblestone:0",
				"fortunes": {
					"0": 1.0,
					"1": 1.0,
					"2": 1.0,
					"3": 1.0
				}
			}
		],
		"silktouch": true,
		"dim": "Overworld"
	},
	{
		"block": "minecraft:leaves:2",
		"distrib": "0,0.0;70,0.0;71,5.46875E-5;72,2.578125E-4;73,5.0E-4;74,6.640625E-4;75,5.703125E-4;76,4.0625E-4;77,2.8125E-4;78,3.046875E-4;79,2.890625E-4;80,0.0;",
		"dropsList": [
			{
				"itemStack": "minecraft:sapling:2",
				"fortunes": {
					"0": 0.0478,
					"1": 0.0612,
					"2": 0.0835,
					"3": 0.0967
				}
			}
		],
		"silktouch": true,
		"dim": "Overworld"
	},
	{
		"block": "biomesoplenty:plant_1:10",
		"distrib": "0,0.0;72,0.0;73,1.5625E-5;74,0.0;",
		"dropsList": [
			{
				"itemStack": "biomesoplenty:plant_1:10",
				"fortunes": {
					"0": 1.0,
					"1": 1.0,
					"2": 1.0,
					"3": 1.0
				}
			}
		],
		"silktouch": false,
		"dim": "Overworld"
	},
	{
		"block": "minecraft:leaves:1",
		"distrib": "0,0.0;67,0.0;68,7.8125E-6;69,2.1875E-4;70,7.03125E-5;71,5.3125E-4;72,4.921875E-4;73,0.0014296875;74,0.00175;75,0.001890625;76,0.0019375;77,0.0026796875;78,0.001828125;79,0.0019296875;80,0.0;",
		"dropsList": [
			{
				"itemStack": "minecraft:sapling:1",
				"fortunes": {
					"0": 0.0463,
					"1": 0.0633,
					"2": 0.0847,
					"3": 0.0944
				}
			}
		],
		"silktouch": true,
		"dim": "Overworld"
	},
	{
		"block": "minecraft:leaves:3",
		"distrib": "0,0.0;68,0.0;69,1.796875E-4;70,1.640625E-4;71,2.8125E-4;72,5.9375E-4;73,6.484375E-4;74,4.0625E-4;75,3.828125E-4;76,3.984375E-4;77,9.375E-4;78,0.001125;79,0.0012890626;80,2.65625E-4;81,1.015625E-4;82,1.40625E-4;83,0.0010625;84,8.203125E-4;85,7.03125E-4;86,5.234375E-4;87,1.640625E-4;88,2.65625E-4;89,2.578125E-4;90,2.96875E-4;91,1.328125E-4;92,1.328125E-4;93,2.421875E-4;94,5.15625E-4;95,2.265625E-4;96,0.0;",
		"dropsList": [
			{
				"itemStack": "minecraft:sapling:3",
				"fortunes": {
					"0": 0.0229,
					"1": 0.0257,
					"2": 0.0316,
					"3": 0.0375
				}
			}
		],
		"silktouch": true,
		"dim": "Overworld"
	},
	{
		"block": "minecraft:log:0",
		"distrib": "0,0.0;62,0.0;63,2.34375E-5;64,0.0;65,0.0;66,1.5625E-5;67,3.125E-5;68,1.5625E-5;69,2.34375E-5;70,4.6875E-5;71,3.125E-5;72,3.90625E-5;73,4.6875E-5;74,3.90625E-5;75,5.46875E-5;76,3.90625E-5;77,4.6875E-5;78,4.6875E-5;79,1.015625E-4;80,2.34375E-5;81,1.015625E-4;82,2.34375E-5;83,1.171875E-4;84,1.5625E-5;85,1.015625E-4;86,1.5625E-5;87,1.015625E-4;88,7.8125E-6;89,7.03125E-5;90,7.8125E-6;91,3.90625E-5;92,1.5625E-5;93,3.90625E-5;94,7.8125E-6;95,7.8125E-6;96,0.0;",
		"dropsList": [
			{
				"itemStack": "minecraft:log:0",
				"fortunes": {
					"0": 1.0,
					"1": 1.0,
					"2": 1.0,
					"3": 1.0
				}
			}
		],
		"silktouch": true,
		"dim": "Overworld"
	},
	{
		"block": "minecraft:log:1",
		"distrib": "0,0.0;61,0.0;62,7.8125E-6;63,3.90625E-5;64,0.0;67,0.0;68,4.6875E-5;69,7.8125E-5;70,1.25E-4;71,1.875E-4;72,2.421875E-4;73,2.96875E-4;74,3.046875E-4;75,2.96875E-4;76,2.734375E-4;77,2.265625E-4;78,2.03125E-4;79,1.484375E-4;80,0.0;",
		"dropsList": [
			{
				"itemStack": "minecraft:log:1",
				"fortunes": {
					"0": 1.0,
					"1": 1.0,
					"2": 1.0,
					"3": 1.0
				}
			}
		],
		"silktouch": true,
		"dim": "Overworld"
	},
	{
		"block": "minecraft:log:2",
		"distrib": "0,0.0;62,0.0;63,2.34375E-5;64,0.0;65,0.0;66,1.5625E-5;67,2.34375E-5;68,2.34375E-5;69,3.125E-5;70,6.25E-5;71,7.03125E-5;74,7.03125E-5;75,6.25E-5;76,5.46875E-5;77,4.6875E-5;78,5.46875E-5;79,4.6875E-5;80,0.0;",
		"dropsList": [
			{
				"itemStack": "minecraft:log:2",
				"fortunes": {
					"0": 1.0,
					"1": 1.0,
					"2": 1.0,
					"3": 1.0
				}
			}
		],
		"silktouch": true,
		"dim": "Overworld"
	},
	{
		"block": "biomesoplenty:double_plant:0",
		"distrib": "0,0.0;62,0.0;63,3.125E-5;64,0.0;76,0.0;77,7.8125E-6;78,4.6875E-5;79,0.0;",
		"silktouch": false,
		"dim": "Overworld"
	},
	{
		"block": "biomesoplenty:leaves_3:9",
		"distrib": "0,0.0;65,0.0;66,2.34375E-5;67,3.125E-5;68,7.8125E-6;69,0.0;70,1.171875E-4;71,6.25E-5;72,0.0;73,1.5625E-5;74,2.34375E-5;75,0.0;",
		"dropsList": [
			{
				"itemStack": "biomesoplenty:peach:0",
				"fortunes": {
					"0": 0.0047,
					"1": 0.0059,
					"2": 0.0075,
					"3": 0.0075
				}
			},
			{
				"itemStack": "biomesoplenty:sapling_1:5",
				"fortunes": {
					"0": 0.0507,
					"1": 0.0643,
					"2": 0.0829,
					"3": 0.1014
				}
			}
		],
		"silktouch": true,
		"dim": "Overworld"
	},
	{
		"block": "minecraft:log:3",
		"distrib": "0,0.0;62,0.0;63,1.015625E-4;64,3.125E-5;65,6.25E-5;66,1.015625E-4;67,1.25E-4;68,1.71875E-4;69,1.796875E-4;70,1.5625E-4;71,2.265625E-4;72,2.421875E-4;73,2.890625E-4;74,2.65625E-4;75,2.421875E-4;76,2.421875E-4;77,2.890625E-4;78,3.125E-4;79,2.96875E-4;80,1.5625E-4;81,1.953125E-4;82,2.1875E-4;83,1.796875E-4;84,1.484375E-4;85,1.40625E-4;86,1.328125E-4;87,1.25E-4;88,1.09375E-4;89,1.171875E-4;91,1.171875E-4;92,1.09375E-4;93,1.25E-4;94,1.328125E-4;95,1.09375E-4;96,0.0;",
		"dropsList": [
			{
				"itemStack": "minecraft:log:3",
				"fortunes": {
					"0": 1.0,
					"1": 1.0,
					"2": 1.0,
					"3": 1.0
				}
			}
		],
		"silktouch": true,
		"dim": "Overworld"
	},
	{
		"block": "biomesoplenty:stone_formations:0",
		"distrib": "0,0.0;6,0.0;7,7.8125E-6;8,2.34375E-5;9,3.125E-5;10,1.5625E-4;11,0.0018984375;12,0.0018125;13,0.0019296875;14,0.0022265625;15,0.002265625;16,0.00196875;17,0.001796875;18,0.0017265625;19,0.0020078125;20,0.002125;21,0.002140625;22,0.0017265625;23,0.001609375;24,0.0016171875;25,0.0016796875;26,0.001546875;27,0.001375;28,0.0010546875;29,0.0012578125;30,0.0012734375;31,0.0012578125;32,0.00115625;33,0.00128125;34,0.001609375;35,0.0016875;36,0.0016796875;37,0.00146875;38,9.609375E-4;39,9.296875E-4;40,0.0012734375;41,0.0015234374;42,0.0012890626;43,0.0011328125;44,9.921875E-4;45,9.84375E-4;46,6.40625E-4;47,4.140625E-4;48,2.890625E-4;49,2.578125E-4;50,3.28125E-4;51,2.5E-4;52,1.796875E-4;53,1.171875E-4;54,1.171875E-4;55,1.015625E-4;56,1.25E-4;57,9.375E-5;58,4.6875E-5;59,3.90625E-5;60,1.5625E-5;61,1.5625E-5;62,0.0;",
		"silktouch": false,
		"dim": "Overworld"
	},
	{
		"block": "biomesoplenty:double_plant:8",
		"distrib": "0,0.0;77,0.0;78,7.8125E-6;79,4.6875E-5;80,0.0;",
		"silktouch": false,
		"dim": "Overworld"
	},
	{
		"block": "biomesoplenty:flower_1:3",
		"distrib": "0,0.0;16,0.0;17,2.34375E-5;18,7.8125E-6;19,3.125E-5;20,2.34375E-5;21,0.0;22,0.0;23,7.8125E-6;24,1.5625E-5;25,0.0;26,7.8125E-6;27,0.0;28,7.8125E-6;29,1.5625E-5;30,2.34375E-5;31,7.8125E-6;32,0.0;33,0.0;34,7.8125E-6;35,7.8125E-6;36,0.0;37,7.8125E-6;38,1.5625E-5;39,0.0;",
		"dropsList": [
			{
				"itemStack": "biomesoplenty:flower_1:3",
				"fortunes": {
					"0": 1.0,
					"1": 1.0,
					"2": 1.0,
					"3": 1.0
				}
			}
		],
		"silktouch": false,
		"dim": "Overworld"
	},
	{
		"block": "biomesoplenty:flower_1:1",
		"distrib": "0,0.0;62,0.0;63,7.03125E-5;64,0.0;",
		"dropsList": [
			{
				"itemStack": "biomesoplenty:flower_1:1",
				"fortunes": {
					"0": 1.0,
					"1": 1.0,
					"2": 1.0,
					"3": 1.0
				}
			}
		],
		"silktouch": false,
		"dim": "Overworld"
	},
	{
		"block": "minecraft:brown_mushroom:0",
		"distrib": "0,0.0;13,0.0;14,7.8125E-6;15,0.0;27,0.0;28,7.8125E-6;29,2.34375E-5;30,7.8125E-6;31,0.0;33,0.0;34,7.8125E-6;35,0.0;38,0.0;39,7.8125E-6;40,1.5625E-5;41,7.8125E-6;42,0.0;43,2.34375E-5;44,1.5625E-5;45,7.8125E-6;46,7.8125E-6;47,0.0;62,0.0;63,6.25E-5;64,1.5625E-5;65,0.0;70,0.0;71,7.8125E-6;72,0.0;73,0.0;74,7.8125E-6;75,0.0;80,0.0;81,7.8125E-6;82,0.0;83,1.5625E-5;84,0.0;",
		"dropsList": [
			{
				"itemStack": "minecraft:brown_mushroom:0",
				"fortunes": {
					"0": 1.0,
					"1": 1.0,
					"2": 1.0,
					"3": 1.0
				}
			}
		],
		"silktouch": false,
		"dim": "Overworld"
	},
	{
		"block": "biomesoplenty:flower_1:2",
		"distrib": "0,0.0;73,0.0;74,2.34375E-5;75,3.90625E-5;76,1.5625E-5;77,0.0;",
		"dropsList": [
			{
				"itemStack": "biomesoplenty:flower_1:2",
				"fortunes": {
					"0": 1.0,
					"1": 1.0,
					"2": 1.0,
					"3": 1.0
				}
			}
		],
		"silktouch": false,
		"dim": "Overworld"
	},
	{
		"block": "biomesoplenty:waterlily:2",
		"distrib": "0,0.0;62,0.0;63,2.96875E-4;64,0.0;",
		"dropsList": [
			{
				"itemStack": "biomesoplenty:waterlily:2",
				"fortunes": {
					"0": 1.0,
					"1": 1.0,
					"2": 1.0,
					"3": 1.0
				}
			}
		],
		"silktouch": false,
		"dim": "Overworld"
	},
	{
		"block": "biomesoplenty:waterlily:1",
		"distrib": "0,0.0;62,0.0;63,3.28125E-4;64,0.0;",
		"dropsList": [
			{
				"itemStack": "biomesoplenty:waterlily:1",
				"fortunes": {
					"0": 1.0,
					"1": 1.0,
					"2": 1.0,
					"3": 1.0
				}
			}
		],
		"silktouch": false,
		"dim": "Overworld"
	},
	{
		"block": "biomesoplenty:waterlily:3",
		"distrib": "0,0.0;62,0.0;63,5.46875E-5;64,0.0;",
		"dropsList": [
			{
				"itemStack": "biomesoplenty:waterlily:3",
				"fortunes": {
					"0": 1.0,
					"1": 1.0,
					"2": 1.0,
					"3": 1.0
				}
			}
		],
		"silktouch": false,
		"dim": "Overworld"
	},
	{
		"block": "biomesoplenty:waterlily:0",
		"distrib": "0,0.0;62,0.0;63,3.90625E-4;64,0.0;",
		"dropsList": [
			{
				"itemStack": "biomesoplenty:waterlily:0",
				"fortunes": {
					"0": 1.0,
					"1": 1.0,
					"2": 1.0,
					"3": 1.0
				}
			}
		],
		"silktouch": false,
		"dim": "Overworld"
	},
	{
		"block": "minecraft:bedrock:0",
		"distrib": "0,1.0;1,0.801875;2,0.59901565;3,0.40149218;4,0.20161718;5,0.0;",
		"silktouch": true,
		"dim": "Overworld"
	},
	{
		"block": "minecraft:reeds:0",
		"distrib": "0,0.0;62,0.0;63,8.59375E-5;64,4.6875E-5;65,1.5625E-5;66,7.8125E-6;67,0.0;",
		"dropsList": [
			{
				"itemStack": "minecraft:reeds:0",
				"fortunes": {
					"0": 1.0,
					"1": 1.0,
					"2": 1.0,
					"3": 1.0
				}
			}
		],
		"silktouch": false,
		"dim": "Overworld"
	},
	{
		"block": "randomthings:specialChest:0",
		"distrib": "0,0.0;63,0.0;64,7.8125E-6;65,0.0;66,0.0;67,7.8125E-6;68,0.0;",
		"silktouch": false,
		"dim": "Overworld"
	},
	{
		"block": "minecraft:iron_ore:0",
		"distrib": "0,0.0;1,0.001515625;2,0.00296875;3,0.004640625;4,0.00640625;5,0.008335938;6,0.00784375;7,0.008195313;8,0.0076015624;9,0.00721875;10,0.00778125;11,0.008085937;12,0.008820312;13,0.00953125;14,0.008734375;15,0.008578125;16,0.00765625;17,0.006890625;18,0.008164062;19,0.008390625;20,0.00884375;21,0.009109375;22,0.0077734375;23,0.008148437;24,0.009976562;25,0.008734375;26,0.008445312;27,0.008007812;28,0.008015625;29,0.007867187;30,0.007609375;31,0.007875;32,0.0084375;33,0.007828125;34,0.0077578123;35,0.008257813;36,0.008960937;37,0.008296875;38,0.0070703123;39,0.007820313;40,0.0076640625;41,0.0067578126;42,0.007078125;43,0.0066484376;44,0.006671875;45,0.00634375;46,0.0059296875;47,0.0053203125;48,0.0034921875;49,0.003671875;50,0.0030390625;51,0.00321875;52,0.0031875;53,0.0027578124;54,0.0034765624;55,0.003484375;56,0.0031875;57,0.00325;58,0.0036640626;59,0.002640625;60,0.0021171875;61,0.0018515625;62,0.0010390625;63,1.484375E-4;64,0.0;",
		"dropsList": [
			{
				"itemStack": "minecraft:iron_ore:0",
				"fortunes": {
					"0": 1.0,
					"1": 1.0,
					"2": 1.0,
					"3": 1.0
				}
			}
		],
		"silktouch": true,
		"dim": "Overworld"
	},
	{
		"block": "minecraft:vine:0",
		"distrib": "0,0.0;62,0.0;63,4.140625E-4;64,1.09375E-4;65,1.71875E-4;66,2.65625E-4;67,3.4375E-4;68,4.140625E-4;69,5.15625E-4;70,5.234375E-4;71,5.3125E-4;72,5.234375E-4;73,6.484375E-4;74,8.125E-4;75,8.203125E-4;76,9.140625E-4;77,8.203125E-4;78,9.375E-4;79,9.453125E-4;80,3.828125E-4;81,4.21875E-4;82,3.671875E-4;83,4.0625E-4;84,3.671875E-4;85,3.359375E-4;86,3.046875E-4;87,2.578125E-4;88,2.265625E-4;89,1.25E-4;90,1.09375E-4;91,1.640625E-4;92,9.375E-5;93,1.015625E-4;94,1.171875E-4;95,1.015625E-4;96,0.0;",
		"silktouch": false,
		"dim": "Overworld"
	},
	{
		"block": "biomesoplenty:plant_1:4",
		"distrib": "0,0.0;62,0.0;63,1.875E-4;64,1.5625E-5;65,0.0;",
		"dropsList": [
			{
				"itemStack": "biomesoplenty:plant_1:4",
				"fortunes": {
					"0": 1.0,
					"1": 1.0,
					"2": 1.0,
					"3": 1.0
				}
			}
		],
		"silktouch": false,
		"dim": "Overworld"
	},
	{
		"block": "minecraft:monster_egg:0",
		"distrib": "0,0.0;1,2.34375E-5;2,7.8125E-5;3,1.796875E-4;4,7.03125E-5;5,7.8125E-5;6,6.25E-5;7,1.875E-4;8,2.109375E-4;9,1.09375E-4;10,1.875E-4;11,1.796875E-4;12,2.03125E-4;13,2.421875E-4;14,3.90625E-5;15,8.59375E-5;16,1.5625E-4;17,9.375E-5;18,2.03125E-4;19,3.125E-4;20,2.5E-4;21,1.953125E-4;22,2.578125E-4;23,9.375E-5;24,1.328125E-4;25,2.265625E-4;26,1.875E-4;27,1.71875E-4;28,1.171875E-4;29,1.09375E-4;30,1.09375E-4;31,1.484375E-4;32,1.5625E-4;33,3.125E-5;34,1.5625E-4;35,1.40625E-4;36,2.65625E-4;37,2.5E-4;38,7.8125E-5;39,6.25E-5;40,2.34375E-4;41,1.5625E-4;42,7.8125E-5;43,1.328125E-4;44,2.578125E-4;45,2.265625E-4;46,1.71875E-4;47,1.015625E-4;48,1.796875E-4;49,2.734375E-4;50,3.515625E-4;51,3.4375E-4;52,2.734375E-4;53,2.03125E-4;54,1.484375E-4;55,4.6875E-5;56,0.0;57,9.375E-5;58,1.328125E-4;59,6.25E-5;60,6.25E-5;61,7.8125E-5;62,1.5625E-5;63,0.0;",
		"silktouch": true,
		"dim": "Overworld"
	},
	{
		"block": "minecraft:sand:0",
		"distrib": "0,0.0;32,0.0;33,4.6875E-5;34,3.828125E-4;35,5.46875E-5;36,7.8125E-6;37,0.0;38,1.328125E-4;39,3.75E-4;40,4.921875E-4;41,5.3125E-4;42,4.140625E-4;43,3.59375E-4;44,3.125E-4;45,7.578125E-4;46,0.0011875;47,0.0010859375;48,7.8125E-5;49,2.65625E-4;50,6.71875E-4;51,0.0014140625;52,0.002859375;53,0.0033984375;54,0.005953125;55,0.0069765626;56,0.00803125;57,0.009640625;58,0.01171875;59,0.01546875;60,0.017773438;61,0.016328124;62,0.014492188;63,0.01184375;64,3.828125E-4;65,1.640625E-4;66,1.953125E-4;67,2.1875E-4;68,2.109375E-4;69,2.578125E-4;70,3.28125E-4;71,3.359375E-4;72,3.828125E-4;73,3.203125E-4;74,2.8125E-4;75,2.34375E-4;76,2.5E-4;77,2.734375E-4;78,2.65625E-4;79,2.421875E-4;80,0.0;",
		"dropsList": [
			{
				"itemStack": "minecraft:sand:0",
				"fortunes": {
					"0": 1.0,
					"1": 1.0,
					"2": 1.0,
					"3": 1.0
				}
			}
		],
		"silktouch": true,
		"dim": "Overworld"
	},
	{
		"block": "biomesoplenty:plant_1:8",
		"distrib": "0,0.0;62,0.0;63,8.59375E-5;64,0.0;",
		"dropsList": [
			{
				"itemStack": "biomesoplenty:plant_1:8",
				"fortunes": {
					"0": 1.0,
					"1": 1.0,
					"2": 1.0,
					"3": 1.0
				}
			}
		],
		"silktouch": false,
		"dim": "Overworld"
	},
	{
		"block": "minecraft:air:0",
		"distrib": "0,0.0;6,0.0;7,3.90625E-5;8,7.421875E-4;9,6.484375E-4;10,0.00178125;11,0.052640624;12,0.05125;13,0.04864844;14,0.048578124;15,0.052007813;16,0.053484377;17,0.05071875;18,0.04725781;19,0.046757814;20,0.051304687;21,0.0508125;22,0.04407031;23,0.038171876;24,0.040289063;25,0.04263281;26,0.042039063;27,0.04247656;28,0.03960156;29,0.04140625;30,0.041507814;31,0.040351562;32,0.041320313;33,0.043;34,0.04696094;35,0.048828125;36,0.048140626;37,0.04257031;38,0.033234376;39,0.03132031;40,0.032273438;41,0.031390626;42,0.025820313;43,0.024328126;44,0.027890624;45,0.02728125;46,0.021117188;47,0.01453125;48,0.009820312;49,0.0082109375;50,0.0078046876;51,0.00678125;52,0.0058671874;53,0.006171875;54,0.00590625;55,0.0076015624;56,0.008398438;57,0.009195313;58,0.009625;59,0.009125;60,0.00825;61,0.006421875;62,0.0063984375;63,0.11734375;64,0.025445312;65,0.028546875;66,0.032320313;67,0.035609376;68,0.041085936;69,0.047390625;70,0.055578124;71,0.062054686;72,0.06729688;73,0.07084375;74,0.07592969;75,0.08117188;76,0.08621875;77,0.09039844;78,0.09583594;79,0.1005;80,0.0254375;81,0.026585938;82,0.026460938;83,0.027304687;84,0.026359376;85,0.0283125;86,0.027742188;87,0.030078124;88,0.029601563;89,0.031710938;90,0.031164063;91,0.032898437;92,0.032710936;93,0.03372656;94,0.03322656;95,0.03471875;96,0.008304687;97,0.0087890625;98,0.008492188;99,0.0089375;100,0.00865625;101,0.009109375;102,0.008976563;103,0.00940625;104,0.009296875;105,0.009875;106,0.0098125;107,0.010195312;108,0.009984375;109,0.01015625;110,0.010140625;111,0.010398437;112,0.006859375;113,0.006953125;114,0.00703125;115,0.0071328124;116,0.0071953125;117,0.007296875;118,0.00740625;119,0.0075234375;120,0.0076015624;121,0.007703125;122,0.00778125;123,0.007867187;124,0.00796875;125,0.0080625;126,0.008171875;127,0.00828125;128,0.00834375;129,0.008414063;130,0.008523437;131,0.008609375;132,0.00871875;133,0.008804687;134,0.008882812;135,0.009;136,0.009085937;137,0.009179687;138,0.009234375;139,0.009335938;140,0.009414063;141,0.009523437;142,0.009625;143,0.00971875;144,0.0098125;145,0.009921875;146,0.009976562;147,0.010070313;148,0.010171875;149,0.010242187;150,0.010375;151,0.010460937;152,0.01053125;153,0.01065625;154,0.011554687;155,0.011570312;156,0.011390625;157,0.011070313;158,0.011171875;159,0.01128125;160,0.011421875;161,0.0115390625;162,0.011609375;163,0.011710937;164,0.011828125;165,0.011945313;166,0.012054687;167,0.0121875;168,0.012265625;169,0.012375;170,0.0124765625;171,0.01259375;172,0.012820313;173,0.012945312;174,0.013070312;175,0.0131875;176,0.0035546876;177,0.0036640626;178,0.0038125;179,0.003953125;180,0.004125;181,0.0042265626;182,0.0043515624;183,0.004828125;184,0.0051640626;185,0.008195313;186,0.00815625;187,0.0067578126;188,0.0058046873;189,0.0058515626;190,0.0062265624;191,0.0065078125;192,0.0;",
		"silktouch": false,
		"dim": "Overworld"
	},
	{
		"block": "biomesoplenty:log_2:5",
		"distrib": "0,0.0;57,0.0;58,3.125E-5;59,6.25E-5;60,1.328125E-4;61,3.90625E-4;62,0.00103125;63,0.0017578125;64,1.875E-4;65,2.03125E-4;66,1.640625E-4;67,9.375E-5;68,8.59375E-5;69,8.59375E-5;70,7.03125E-5;71,4.6875E-5;72,5.46875E-5;73,2.34375E-5;75,2.34375E-5;76,1.5625E-5;79,1.5625E-5;80,0.0;",
		"dropsList": [
			{
				"itemStack": "biomesoplenty:log_2:5",
				"fortunes": {
					"0": 1.0,
					"1": 1.0,
					"2": 1.0,
					"3": 1.0
				}
			}
		],
		"silktouch": true,
		"dim": "Overworld"
	},
	{
		"block": "minecraft:leaves:0",
		"distrib": "0,0.0;62,0.0;63,6.953125E-4;64,9.375E-5;65,1.25E-4;66,6.25E-4;67,0.0010859375;68,0.001109375;69,0.001125;70,0.0014921875;71,0.001453125;72,0.001484375;73,0.0013671875;74,0.00121875;75,0.0010078124;76,8.90625E-4;77,0.0011953125;78,0.0010546875;79,0.0013125;80,6.40625E-4;81,0.00103125;82,0.0011640625;83,9.84375E-4;84,5.625E-4;85,7.890625E-4;86,6.953125E-4;87,8.28125E-4;88,5.3125E-4;89,5.46875E-4;90,1.953125E-4;91,2.8125E-4;92,1.5625E-4;93,3.515625E-4;94,6.25E-5;95,2.1875E-4;96,0.0;",
		"dropsList": [
			{
				"itemStack": "minecraft:apple:0",
				"fortunes": {
					"0": 0.005,
					"1": 0.0046,
					"2": 0.0064,
					"3": 0.0086
				}
			},
			{
				"itemStack": "minecraft:sapling:0",
				"fortunes": {
					"0": 0.0472,
					"1": 0.0643,
					"2": 0.0865,
					"3": 0.1009
				}
			}
		],
		"silktouch": true,
		"dim": "Overworld"
	},
	{
		"block": "biomesoplenty:plant_1:9",
		"distrib": "0,0.0;61,0.0;62,1.5625E-5;63,0.0;69,0.0;70,7.8125E-6;71,0.0;77,0.0;78,1.5625E-5;79,7.8125E-6;80,0.0;",
		"dropsList": [
			{
				"itemStack": "biomesoplenty:plant_1:9",
				"fortunes": {
					"0": 1.0,
					"1": 1.0,
					"2": 1.0,
					"3": 1.0
				}
			}
		],
		"silktouch": false,
		"dim": "Overworld"
	},
	{
		"block": "biomesoplenty:hot_spring_water:0",
		"distrib": "0,0.0;180,0.0;181,4.6875E-5;182,2.8125E-4;183,0.00121875;184,0.002609375;185,4.453125E-4;186,1.328125E-4;187,0.0;188,0.0;189,7.03125E-5;190,0.0;",
		"silktouch": false,
		"dim": "Overworld"
	},
	{
		"block": "biomesoplenty:gem_ore:4",
		"distrib": "0,0.0;3,0.0;4,1.640625E-4;5,2.109375E-4;6,1.953125E-4;7,1.25E-4;8,9.375E-5;9,1.25E-4;10,1.25E-4;11,1.328125E-4;12,1.25E-4;13,2.5E-4;14,1.875E-4;15,1.484375E-4;16,1.5625E-4;17,1.484375E-4;18,1.40625E-4;19,1.484375E-4;20,1.796875E-4;21,1.25E-4;22,1.09375E-4;23,2.03125E-4;24,1.5625E-4;25,1.875E-4;26,1.015625E-4;27,1.25E-4;28,1.484375E-4;29,1.328125E-4;30,1.71875E-4;31,1.328125E-4;32,1.953125E-4;33,0.0;",
		"dropsList": [
			{
				"itemStack": "biomesoplenty:gem:4",
				"fortunes": {
					"0": 1.0,
					"1": 1.33,
					"2": 1.7592,
					"3": 2.1961
				}
			}
		],
		"silktouch": true,
		"dim": "Overworld"
	},
	{
		"block": "biomesoplenty:gem_ore:5",
		"distrib": "0,0.0;3,0.0;4,4.6875E-5;5,5.46875E-5;6,3.90625E-5;7,2.34375E-5;8,5.46875E-5;9,5.46875E-5;10,4.6875E-5;11,2.34375E-5;12,1.5625E-5;13,2.34375E-5;14,3.90625E-5;15,3.125E-5;16,3.90625E-5;17,4.6875E-5;18,2.34375E-5;19,4.6875E-5;20,7.03125E-5;21,1.5625E-5;22,2.34375E-5;23,7.8125E-5;24,6.25E-5;25,3.90625E-5;26,2.34375E-5;27,3.125E-5;28,1.5625E-5;29,5.46875E-5;30,1.5625E-5;31,4.6875E-5;32,7.8125E-5;33,0.0;",
		"dropsList": [
			{
				"itemStack": "biomesoplenty:gem:5",
				"fortunes": {
					"0": 1.0,
					"1": 1.3309,
					"2": 1.7403,
					"3": 2.1944
				}
			}
		],
		"silktouch": true,
		"dim": "Overworld"
	},
	{
		"block": "biomesoplenty:gem_ore:6",
		"distrib": "0,0.0;3,0.0;4,4.21875E-4;5,5.390625E-4;6,6.25E-4;7,6.328125E-4;8,6.328125E-4;9,5.390625E-4;10,5.78125E-4;11,6.171875E-4;12,6.71875E-4;13,7.03125E-4;14,6.171875E-4;15,5.625E-4;16,6.015625E-4;17,6.484375E-4;18,4.296875E-4;19,5.46875E-4;20,6.171875E-4;21,5.390625E-4;22,5.78125E-4;23,6.40625E-4;24,5.703125E-4;25,6.09375E-4;26,6.09375E-4;27,5.46875E-4;28,6.09375E-4;29,5.9375E-4;30,5.15625E-4;31,6.328125E-4;32,5.859375E-4;33,0.0;",
		"dropsList": [
			{
				"itemStack": "biomesoplenty:gem:6",
				"fortunes": {
					"0": 1.0,
					"1": 1.3262,
					"2": 1.7552,
					"3": 2.1977
				}
			}
		],
		"silktouch": true,
		"dim": "Overworld"
	},
	{
		"block": "minecraft:fence:0",
		"distrib": "0,0.0;9,0.0;10,1.5625E-5;11,1.09375E-4;12,1.09375E-4;13,1.40625E-4;14,3.75E-4;15,7.96875E-4;16,0.001015625;17,5.46875E-4;18,1.09375E-4;19,1.171875E-4;20,6.25E-4;21,5.390625E-4;22,0.0;23,0.0;24,2.34375E-4;25,4.53125E-4;26,2.578125E-4;27,5.46875E-5;28,6.25E-5;29,1.40625E-4;30,2.65625E-4;31,2.109375E-4;32,1.796875E-4;33,5.3125E-4;34,8.90625E-4;35,0.001140625;36,0.0012421875;37,7.578125E-4;38,2.5E-4;39,5.625E-4;40,0.00125;41,0.00103125;42,2.5E-4;43,2.34375E-4;44,6.171875E-4;45,5.859375E-4;46,2.65625E-4;47,6.25E-5;48,3.125E-5;49,1.875E-4;50,2.03125E-4;51,4.6875E-5;52,0.0;",
		"dropsList": [
			{
				"itemStack": "minecraft:fence:0",
				"fortunes": {
					"0": 1.0,
					"1": 1.0,
					"2": 1.0,
					"3": 1.0
				}
			}
		],
		"silktouch": false,
		"dim": "Overworld"
	},
	{
		"block": "biomesoplenty:gem_ore:7",
		"distrib": "0,0.0;3,0.0;4,5.46875E-5;5,8.59375E-5;6,4.6875E-5;7,7.8125E-5;8,1.09375E-4;9,4.6875E-5;10,1.015625E-4;11,6.25E-5;12,2.34375E-5;13,8.59375E-5;14,3.90625E-5;15,8.59375E-5;16,1.015625E-4;17,6.25E-5;18,5.46875E-5;19,1.171875E-4;20,9.375E-5;21,1.015625E-4;22,8.59375E-5;23,1.171875E-4;24,4.6875E-5;25,1.015625E-4;26,7.8125E-5;27,7.03125E-5;28,7.8125E-5;29,4.6875E-5;30,1.015625E-4;31,1.015625E-4;32,4.6875E-5;33,0.0;",
		"dropsList": [
			{
				"itemStack": "biomesoplenty:gem:7",
				"fortunes": {
					"0": 1.0,
					"1": 1.3261,
					"2": 1.7438,
					"3": 2.1953
				}
			}
		],
		"silktouch": true,
		"dim": "Overworld"
	},
	{
		"block": "minecraft:red_flower:3",
		"distrib": "0,0.0;62,0.0;63,1.5625E-5;64,0.0;",
		"dropsList": [
			{
				"itemStack": "minecraft:red_flower:3",
				"fortunes": {
					"0": 1.0,
					"1": 1.0,
					"2": 1.0,
					"3": 1.0
				}
			}
		],
		"silktouch": false,
		"dim": "Overworld"
	},
	{
		"block": "minecraft:red_flower:0",
		"distrib": "0,0.0;62,0.0;63,1.5625E-5;64,0.0;65,1.5625E-5;66,1.5625E-5;67,0.0;68,7.8125E-6;69,1.5625E-5;70,0.0;71,0.0;72,7.8125E-6;73,0.0;74,3.90625E-5;75,2.34375E-5;77,2.34375E-5;78,7.8125E-6;79,0.0;",
		"dropsList": [
			{
				"itemStack": "minecraft:red_flower:0",
				"fortunes": {
					"0": 1.0,
					"1": 1.0,
					"2": 1.0,
					"3": 1.0
				}
			}
		],
		"silktouch": false,
		"dim": "Overworld"
	},
	{
		"block": "minecraft:emerald_ore:0",
		"distrib": "0,0.0;3,0.0;4,9.375E-5;5,9.375E-5;6,3.90625E-5;7,4.6875E-5;8,8.59375E-5;9,3.90625E-5;10,4.6875E-5;11,7.8125E-5;12,1.09375E-4;13,9.375E-5;14,1.171875E-4;15,7.03125E-5;16,7.8125E-5;17,8.59375E-5;18,9.375E-5;19,8.59375E-5;20,1.25E-4;21,5.46875E-5;22,1.015625E-4;23,9.375E-5;24,8.59375E-5;27,8.59375E-5;28,3.125E-5;29,8.59375E-5;30,8.59375E-5;31,4.6875E-5;32,1.5625E-5;33,0.0;",
		"dropsList": [
			{
				"itemStack": "minecraft:emerald:0",
				"fortunes": {
					"0": 1.0,
					"1": 1.3294,
					"2": 1.7498,
					"3": 2.1953
				}
			}
		],
		"silktouch": true,
		"dim": "Overworld"
	},
	{
		"block": "biomesoplenty:plant_0:1",
		"distrib": "0,0.0;62,0.0;63,0.00296875;64,1.875E-4;65,9.375E-5;66,2.265625E-4;67,1.953125E-4;68,1.5625E-4;69,1.796875E-4;70,1.796875E-4;71,1.25E-4;72,7.03125E-5;73,1.09375E-4;74,2.109375E-4;75,2.1875E-4;76,1.71875E-4;77,1.40625E-4;78,7.8125E-5;79,1.171875E-4;80,2.34375E-5;81,3.90625E-5;83,3.90625E-5;84,7.8125E-6;85,0.0;",
		"dropsList": [
			{
				"itemStack": "minecraft:wheat_seeds:0",
				"fortunes": {
					"0": 0.1225,
					"1": 0.2387,
					"2": 0.3496,
					"3": 0.4921
				}
			}
		],
		"silktouch": false,
		"dim": "Overworld"
	},
	{
		"block": "biomesoplenty:plant_0:0",
		"distrib": "0,0.0;62,0.0;63,0.0026875;64,1.171875E-4;65,1.328125E-4;66,1.71875E-4;67,6.25E-5;68,1.796875E-4;69,1.5625E-4;70,4.6875E-5;71,4.6875E-5;72,6.25E-5;73,3.28125E-4;74,1.796875E-4;75,1.09375E-4;76,3.90625E-5;77,9.375E-5;78,1.25E-4;79,3.125E-5;80,7.8125E-6;81,0.0;",
		"dropsList": [
			{
				"itemStack": "minecraft:wheat_seeds:0",
				"fortunes": {
					"0": 0.1242,
					"1": 0.247,
					"2": 0.3944,
					"3": 0.5081
				}
			}
		],
		"silktouch": false,
		"dim": "Overworld"
	},
	{
		"block": "minecraft:sandstone:0",
		"distrib": "0,0.0;44,0.0;45,3.125E-5;46,7.03125E-5;47,2.1875E-4;48,1.796875E-4;49,4.84375E-4;50,8.59375E-4;51,0.0011875;52,9.609375E-4;53,0.0010390625;54,0.0011171876;55,0.001703125;56,0.0023984376;57,0.0029140625;58,0.0033984375;59,0.0038125;60,0.0050625;61,0.00465625;62,0.004234375;63,0.003890625;64,0.0012265625;65,0.0011796874;66,0.0011171876;67,0.0010546875;68,0.001;69,8.984375E-4;70,7.65625E-4;71,6.953125E-4;72,5.703125E-4;73,5.15625E-4;74,4.296875E-4;75,3.515625E-4;76,2.734375E-4;77,1.796875E-4;78,9.375E-5;79,3.90625E-5;80,0.0;",
		"dropsList": [
			{
				"itemStack": "minecraft:sandstone:0",
				"fortunes": {
					"0": 1.0,
					"1": 1.0,
					"2": 1.0,
					"3": 1.0
				}
			}
		],
		"silktouch": true,
		"dim": "Overworld"
	},
	{
		"block": "biomesoplenty:gem_ore:1",
		"distrib": "0,0.0;4,0.0;5,7.8125E-6;6,2.34375E-5;9,2.34375E-5;10,1.5625E-5;11,2.34375E-5;12,1.5625E-5;13,7.8125E-6;14,0.0;15,3.90625E-5;16,1.5625E-5;17,2.34375E-5;18,1.5625E-5;19,3.125E-5;20,2.34375E-5;21,7.8125E-6;22,0.0;23,7.8125E-6;24,2.34375E-5;25,0.0;26,1.5625E-5;27,7.8125E-6;28,2.34375E-5;29,0.0;30,7.8125E-6;31,7.8125E-6;32,3.125E-5;33,0.0;",
		"dropsList": [
			{
				"itemStack": "biomesoplenty:gem:1",
				"fortunes": {
					"0": 1.0,
					"1": 1.326,
					"2": 1.7565,
					"3": 2.1947
				}
			}
		],
		"silktouch": true,
		"dim": "Overworld"
	},
	{
		"block": "biomesoplenty:gem_ore:2",
		"distrib": "0,0.0;3,0.0;4,5.46875E-5;5,7.03125E-5;7,7.03125E-5;8,1.015625E-4;9,1.25E-4;10,7.03125E-5;11,7.03125E-5;12,4.6875E-5;13,4.6875E-5;14,6.25E-5;15,1.171875E-4;16,1.015625E-4;17,3.90625E-5;18,7.03125E-5;19,1.25E-4;20,7.8125E-5;21,3.125E-5;22,6.25E-5;23,4.6875E-5;24,8.59375E-5;25,6.25E-5;26,5.46875E-5;27,7.03125E-5;28,4.6875E-5;29,7.8125E-5;31,7.8125E-5;32,6.25E-5;33,0.0;",
		"dropsList": [
			{
				"itemStack": "biomesoplenty:gem:2",
				"fortunes": {
					"0": 1.0,
					"1": 1.3281,
					"2": 1.7688,
					"3": 2.1999
				}
			}
		],
		"silktouch": true,
		"dim": "Overworld"
	},
	{
		"block": "minecraft:diamond_ore:0",
		"distrib": "0,0.0;1,2.265625E-4;2,4.453125E-4;3,7.8125E-4;4,0.0010234375;5,0.0012890626;6,0.0015546875;7,0.001;8,0.0011484375;9,0.0011484375;10,0.001109375;11,0.0014296875;12,0.00165625;13,0.001375;14,5.859375E-4;15,1.484375E-4;16,0.0;",
		"dropsList": [
			{
				"itemStack": "minecraft:diamond:0",
				"fortunes": {
					"0": 1.0,
					"1": 1.3317,
					"2": 1.7568,
					"3": 2.2127
				}
			}
		],
		"silktouch": true,
		"dim": "Overworld"
	},
	{
		"block": "biomesoplenty:gem_ore:3",
		"distrib": "0,0.0;3,0.0;4,5.46875E-5;5,3.125E-5;6,1.5625E-5;7,3.90625E-5;8,2.34375E-5;9,3.90625E-5;10,3.125E-5;11,7.8125E-6;12,3.125E-5;13,6.25E-5;14,1.5625E-5;15,2.34375E-5;16,3.90625E-5;17,1.5625E-5;18,2.34375E-5;19,1.5625E-5;20,7.8125E-6;21,3.125E-5;22,2.34375E-5;23,2.34375E-5;24,5.46875E-5;25,5.46875E-5;26,3.125E-5;27,4.6875E-5;28,1.5625E-5;30,1.5625E-5;31,2.34375E-5;32,7.8125E-6;33,0.0;",
		"dropsList": [
			{
				"itemStack": "biomesoplenty:gem:3",
				"fortunes": {
					"0": 1.0,
					"1": 1.3341,
					"2": 1.7549,
					"3": 2.2068
				}
			}
		],
		"silktouch": true,
		"dim": "Overworld"
	},
	{
		"block": "biomesoplenty:flower_0:0",
		"distrib": "0,0.0;65,0.0;66,7.8125E-6;67,0.0;68,7.8125E-6;69,5.46875E-5;70,2.34375E-5;71,7.8125E-6;72,7.8125E-6;73,0.0;",
		"dropsList": [
			{
				"itemStack": "biomesoplenty:flower_0:0",
				"fortunes": {
					"0": 1.0,
					"1": 1.0,
					"2": 1.0,
					"3": 1.0
				}
			}
		],
		"silktouch": false,
		"dim": "Overworld"
	},
	{
		"block": "minecraft:double_plant:5",
		"distrib": "0,0.0;65,0.0;66,7.8125E-6;67,1.5625E-5;68,7.8125E-6;69,0.0;76,0.0;77,1.5625E-5;78,3.125E-5;79,1.5625E-5;80,0.0;",
		"dropsList": [
			{
				"itemStack": "minecraft:double_plant:5",
				"fortunes": {
					"0": 1.0,
					"1": 1.0,
					"2": 1.0,
					"3": 1.0
				}
			}
		],
		"silktouch": false,
		"dim": "Overworld"
	},
	{
		"block": "minecraft:planks:0",
		"distrib": "0,0.0;10,0.0;11,6.25E-5;12,1.5625E-4;13,2.03125E-4;14,8.59375E-5;15,3.28125E-4;16,5.859375E-4;17,9.296875E-4;18,7.65625E-4;19,1.796875E-4;20,5.46875E-5;21,1.484375E-4;22,7.421875E-4;23,8.59375E-5;24,5.46875E-5;25,8.59375E-5;26,4.140625E-4;27,3.671875E-4;28,7.03125E-5;29,7.03125E-5;30,3.59375E-4;31,3.515625E-4;32,5.078125E-4;33,6.015625E-4;34,9.6875E-4;35,0.0019921875;36,0.00121875;37,0.0013671875;38,0.0019765624;39,0.0010390625;40,5.703125E-4;41,0.00103125;42,0.002390625;43,4.21875E-4;44,1.5625E-4;45,5.3125E-4;46,7.5E-4;47,4.6875E-4;48,1.953125E-4;49,6.25E-5;50,7.03125E-5;51,2.265625E-4;52,6.25E-5;53,0.0;",
		"dropsList": [
			{
				"itemStack": "minecraft:planks:0",
				"fortunes": {
					"0": 1.0,
					"1": 1.0,
					"2": 1.0,
					"3": 1.0
				}
			}
		],
		"silktouch": true,
		"dim": "Overworld"
	},
	{
		"block": "minecraft:double_plant:1",
		"distrib": "0,0.0;69,0.0;70,7.03125E-5;71,7.8125E-5;72,7.8125E-6;73,0.0;",
		"dropsList": [
			{
				"itemStack": "minecraft:double_plant:1",
				"fortunes": {
					"0": 1.0,
					"1": 1.0,
					"2": 1.0,
					"3": 1.0
				}
			}
		],
		"silktouch": false,
		"dim": "Overworld"
	},
	{
		"block": "minecraft:double_plant:2",
		"distrib": "0,0.0;62,0.0;63,3.046875E-4;64,5.46875E-5;65,1.5625E-5;66,0.0;",
		"dropsList": [
			{
				"itemStack": "minecraft:wheat_seeds:0",
				"fortunes": {
					"0": 0.1264,
					"1": 0.1256,
					"2": 0.1267,
					"3": 0.121
				}
			}
		],
		"silktouch": false,
		"dim": "Overworld"
	},
	{
		"block": "minecraft:double_plant:3",
		"distrib": "0,0.0;11,0.0;12,7.8125E-6;13,7.8125E-6;14,0.0;62,0.0;63,2.34375E-5;64,0.0;65,0.0;66,1.5625E-5;67,3.125E-5;68,6.25E-5;69,5.46875E-5;70,4.6875E-5;71,8.59375E-5;72,8.59375E-5;73,1.171875E-4;74,1.171875E-4;75,3.90625E-5;76,0.0;77,7.8125E-6;78,1.5625E-5;79,1.5625E-5;80,0.0;",
		"silktouch": false,
		"dim": "Overworld"
	},
	{
		"block": "biomesoplenty:flower_0:8",
		"distrib": "0,0.0;62,0.0;63,1.015625E-4;64,0.0;66,0.0;67,1.5625E-5;68,3.125E-5;69,0.0;70,0.0;71,3.125E-5;72,3.125E-5;73,1.5625E-5;74,0.0;75,7.8125E-6;76,0.0;",
		"dropsList": [
			{
				"itemStack": "biomesoplenty:flower_0:8",
				"fortunes": {
					"0": 1.0,
					"1": 1.0,
					"2": 1.0,
					"3": 1.0
				}
			}
		],
		"silktouch": false,
		"dim": "Overworld"
	},
	{
		"block": "biomesoplenty:flower_0:9",
		"distrib": "0,0.0;62,0.0;63,8.59375E-5;64,0.0;65,0.0;66,6.25E-5;67,1.5625E-5;68,2.34375E-5;69,4.6875E-5;70,4.6875E-5;71,7.8125E-6;72,0.0;",
		"dropsList": [
			{
				"itemStack": "biomesoplenty:flower_0:9",
				"fortunes": {
					"0": 1.0,
					"1": 1.0,
					"2": 1.0,
					"3": 1.0
				}
			}
		],
		"silktouch": false,
		"dim": "Overworld"
	},
	{
		"block": "minecraft:torch:0",
		"distrib": "0,0.0;12,0.0;13,7.796906E-6;14,0.0;17,0.0;18,7.796906E-6;19,0.0;25,0.0;26,1.5593812E-5;27,0.0;36,0.0;37,7.796906E-6;38,0.0;",
		"dropsList": [
			{
				"itemStack": "minecraft:torch:0",
				"fortunes": {
					"0": 1.0,
					"1": 1.0,
					"2": 1.0,
					"3": 1.0
				}
			}
		],
		"silktouch": false,
		"dim": "Overworld"
	},
	{
		"block": "biomesoplenty:flower_0:4",
		"distrib": "0,0.0;62,0.0;63,2.339072E-5;64,0.0;65,2.339072E-5;66,0.0;",
		"dropsList": [
			{
				"itemStack": "biomesoplenty:flower_0:4",
				"fortunes": {
					"0": 1.0,
					"1": 1.0,
					"2": 1.0,
					"3": 1.0
				}
			}
		],
		"silktouch": false,
		"dim": "Overworld"
	},
	{
		"block": "biomesoplenty:flower_0:5",
		"distrib": "0,0.0;62,0.0;63,7.796906E-6;64,0.0;65,1.5593812E-5;66,7.796906E-6;67,7.796906E-6;68,4.678144E-5;69,0.0;71,0.0;72,1.5593812E-5;73,7.796906E-6;74,0.0;75,0.0;76,7.796906E-6;77,1.5593812E-5;80,1.5593812E-5;81,7.796906E-6;82,7.796906E-6;83,0.0;",
		"dropsList": [
			{
				"itemStack": "biomesoplenty:flower_0:5",
				"fortunes": {
					"0": 1.0,
					"1": 1.0,
					"2": 1.0,
					"3": 1.0
				}
			}
		],
		"silktouch": false,
		"dim": "Overworld"
	},
	{
		"block": "minecraft:red_flower:8",
		"distrib": "0,0.0;64,0.0;65,7.796906E-6;66,1.5593812E-5;67,2.339072E-5;68,7.796906E-6;69,1.5593812E-5;70,5.4578344E-5;71,0.0;",
		"dropsList": [
			{
				"itemStack": "minecraft:red_flower:8",
				"fortunes": {
					"0": 1.0,
					"1": 1.0,
					"2": 1.0,
					"3": 1.0
				}
			}
		],
		"silktouch": false,
		"dim": "Overworld"
	},
	{
		"block": "minecraft:red_mushroom:0",
		"distrib": "0,0.0;14,0.0;15,1.5593812E-5;16,7.796906E-6;17,7.796906E-6;18,0.0;19,0.0;20,7.796906E-6;21,3.1187625E-5;22,7.796906E-6;23,0.0;43,0.0;44,7.796906E-6;45,0.0;62,0.0;63,7.796906E-6;64,0.0;76,0.0;77,7.796906E-6;78,0.0;",
		"dropsList": [
			{
				"itemStack": "minecraft:red_mushroom:0",
				"fortunes": {
					"0": 1.0,
					"1": 1.0,
					"2": 1.0,
					"3": 1.0
				}
			}
		],
		"silktouch": false,
		"dim": "Overworld"
	},
	{
		"block": "minecraft:grass:0",
		"distrib": "0,0.0;61,0.0;62,0.015383296;63,0.016669786;64,0.0022143214;65,0.004428643;66,0.0030875748;67,0.0047093313;68,0.0050290045;69,0.0069548404;70,0.004568987;71,0.0043662675;72,0.004241517;73,0.0028458708;74,0.0024482287;75,0.0026119635;76,0.0034618264;77,0.004155751;78,0.0037737025;79,0.0031031687;80,7.718937E-4;81,7.8748754E-4;82,6.393463E-4;83,3.1967316E-4;84,2.9628244E-4;85,2.650948E-4;86,4.912051E-4;87,3.820484E-4;88,4.6001747E-4;89,2.3390718E-4;90,3.898453E-5;91,5.4578344E-5;92,7.796906E-5;93,1.0135978E-4;94,5.4578344E-5;95,3.1187625E-5;96,7.796906E-6;97,0.0;104,0.0;105,7.796906E-6;106,0.0;107,7.796906E-6;108,0.0;109,7.796906E-6;110,0.0;",
		"dropsList": [
			{
				"itemStack": "minecraft:dirt:0",
				"fortunes": {
					"0": 1.0,
					"1": 1.0,
					"2": 1.0,
					"3": 1.0
				}
			}
		],
		"silktouch": true,
		"dim": "Overworld"
	},
	{
		"block": "minecraft:coal_ore:0",
		"distrib": "0,0.0;1,0.0027990893;2,0.005894461;3,0.00826472;4,0.009816305;5,0.011983844;6,0.01141467;7,0.009410866;8,0.010892278;9,0.013402882;10,0.013137787;11,0.012108595;12,0.011009231;13,0.011593999;14,0.01182011;15,0.011968251;16,0.01227233;17,0.012482847;18,0.013301522;19,0.014307323;20,0.014486652;21,0.012786926;22,0.012997443;23,0.014322917;24,0.013761539;25,0.0129350675;26,0.012630988;27,0.012950662;28,0.013184568;29,0.0127323475;30,0.013527633;31,0.0136757735;32,0.011898079;33,0.011671969;34,0.012015033;35,0.011843501;36,0.011648578;37,0.0118123125;38,0.011905876;39,0.012202159;40,0.011710953;41,0.0108844815;42,0.011196357;43,0.0118123125;44,0.011765531;45,0.010260728;46,0.010479042;47,0.009933258;48,0.005582585;49,0.006097181;50,0.005878867;51,0.0052083335;52,0.005668351;53,0.006097181;54,0.006237525;55,0.005878867;56,0.004724925;57,0.0038906562;58,0.0039764224;59,0.0031967314;60,0.0029550274;61,0.002986215;62,0.0025495882;63,0.0022065244;64,0.001497006;65,0.0015359905;66,0.0016997255;67,0.001746507;68,0.0014814122;69,0.0012864895;70,8.966442E-4;71,7.718937E-4;72,8.4206584E-4;73,6.62737E-4;74,7.329092E-4;75,7.407061E-4;76,8.654566E-4;77,9.12238E-4;78,7.640968E-4;79,7.952844E-4;80,4.912051E-4;81,4.6001747E-4;82,6.081587E-4;83,7.640968E-4;84,4.912051E-4;85,1.0915669E-4;86,1.5593812E-4;87,3.2747007E-4;88,4.834082E-4;89,5.067989E-4;90,2.572979E-4;91,2.49501E-4;92,6.5494014E-4;93,9.2003495E-4;94,6.393463E-4;95,5.6137727E-4;96,7.640968E-4;97,7.017216E-4;98,3.820484E-4;99,2.8848552E-4;100,4.834082E-4;101,5.301896E-4;102,4.5222056E-4;103,3.664546E-4;104,3.508608E-4;105,4.99002E-4;106,4.5222056E-4;107,2.8848552E-4;108,2.650948E-4;109,5.067989E-4;110,5.145958E-4;111,4.6001747E-4;112,4.0543912E-4;113,3.1967316E-4;114,3.976422E-4;115,3.976422E-4;116,4.912051E-4;117,3.0407935E-4;118,1.6373504E-4;119,2.417041E-4;120,2.8068863E-4;121,2.3390718E-4;122,2.650948E-4;123,4.5222056E-4;124,5.223927E-4;125,3.5865768E-4;126,1.5593812E-4;127,4.678144E-5;128,0.0;",
		"dropsList": [
			{
				"itemStack": "minecraft:coal:0",
				"fortunes": {
					"0": 1.0,
					"1": 1.3305,
					"2": 1.7438,
					"3": 2.2014
				}
			}
		],
		"silktouch": true,
		"dim": "Overworld"
	},
	{
		"block": "minecraft:tallgrass:2",
		"distrib": "0,0.0;62,0.0;63,2.650948E-4;64,2.339072E-5;65,2.339072E-5;66,1.5593812E-5;67,3.898453E-5;68,1.8712576E-4;69,2.2611028E-4;70,2.7289172E-4;71,9.356288E-5;72,5.4578344E-5;73,1.0915669E-4;74,4.678144E-5;75,1.0135978E-4;76,1.0915669E-4;77,8.576597E-5;78,7.796906E-5;79,9.356288E-5;80,1.5593812E-5;83,1.5593812E-5;84,7.796906E-6;85,0.0;",
		"dropsList": [
			{
				"itemStack": "minecraft:wheat_seeds:0",
				"fortunes": {
					"0": 0.1244,
					"1": 0.2356,
					"2": 0.3646,
					"3": 0.4724
				}
			}
		],
		"silktouch": false,
		"dim": "Overworld"
	},
	{
		"block": "minecraft:chest:0",
		"distrib": "0,0.0;13,0.0;14,1.5593812E-5;15,0.0;28,0.0;29,1.5593812E-5;30,1.5593812E-5;31,0.0;32,2.339072E-5;33,0.0;34,1.5593812E-5;35,2.339072E-5;36,0.0;43,0.0;44,7.796906E-6;45,1.5593812E-5;46,0.0;",
		"dropsList": [
			{
				"itemStack": "minecraft:chest:0",
				"fortunes": {
					"0": 1.0,
					"1": 1.0,
					"2": 1.0,
					"3": 1.0
				}
			}
		],
		"silktouch": false,
		"dim": "Overworld"
	},
	{
		"block": "minecraft:cobblestone:0",
		"distrib": "0,0.0;12,0.0;13,1.6373504E-4;14,1.8712576E-4;15,1.7153194E-4;16,1.6373504E-4;17,1.7932884E-4;18,0.0;27,0.0;28,8.576597E-5;29,2.8068863E-4;30,3.508608E-4;31,6.5494014E-4;32,8.576597E-4;33,7.952844E-4;34,8.888473E-4;35,9.746133E-4;36,5.5358035E-4;37,4.6781436E-4;38,3.1967316E-4;39,0.0;42,0.0;43,1.0915669E-4;44,2.8068863E-4;45,3.742515E-4;46,3.742515E-4;47,3.820484E-4;48,2.0271956E-4;49,0.0;61,0.0;62,1.5593812E-5;63,2.339072E-5;64,0.0;",
		"dropsList": [
			{
				"itemStack": "minecraft:cobblestone:0",
				"fortunes": {
					"0": 1.0,
					"1": 1.0,
					"2": 1.0,
					"3": 1.0
				}
			}
		],
		"silktouch": true,
		"dim": "Overworld"
	},
	{
		"block": "minecraft:stone:5",
		"distrib": "0,0.0;1,0.010003431;2,0.017402695;3,0.02623659;4,0.035670847;5,0.04413049;6,0.04329622;7,0.04546376;8,0.047366206;9,0.048481163;10,0.045752246;11,0.042508733;12,0.041191056;13,0.04218126;14,0.047241453;15,0.048130304;16,0.046890594;17,0.045245446;18,0.043686066;19,0.04390438;20,0.04563529;21,0.048621505;22,0.050648704;23,0.049175087;24,0.04879304;25,0.04957273;26,0.049611714;27,0.048855413;28,0.048099115;29,0.046212263;30,0.048761852;31,0.05121008;32,0.05237182;33,0.05052395;34,0.045526136;35,0.04178362;36,0.0415809;37,0.0430935;38,0.04608751;39,0.050017152;40,0.04879304;41,0.046664484;42,0.046360403;43,0.04418507;44,0.040232036;45,0.038571294;46,0.037292603;47,0.036349177;48,0.024482286;49,0.023546657;50,0.022587636;51,0.020334331;52,0.02071638;53,0.022080839;54,0.022369323;55,0.021254366;56,0.019219374;57,0.018416293;58,0.016170783;59,0.014463261;60,0.011968251;61,0.009925461;62,0.009535616;63,0.008693551;64,0.0069314498;65,0.006323291;66,0.006221931;67,0.0063856663;68,0.0062687127;69,0.0047561126;70,0.003313685;71,0.0030251995;72,0.0033838572;73,0.0038672655;74,0.0044520334;75,0.0042727045;76,0.003570983;77,0.002479416;78,0.0013098803;79,4.6001747E-4;80,1.4034432E-4;81,0.0;",
		"dropsList": [
			{
				"itemStack": "minecraft:stone:5",
				"fortunes": {
					"0": 1.0,
					"1": 1.0,
					"2": 1.0,
					"3": 1.0
				}
			}
		],
		"silktouch": true,
		"dim": "Overworld"
	},
	{
		"block": "minecraft:tallgrass:1",
		"distrib": "0,0.0;13,0.0;14,7.796906E-6;15,2.339072E-5;16,0.0;39,0.0;40,3.898453E-5;41,0.0;44,0.0;45,2.339072E-5;46,0.0;62,0.0;63,0.0074850298;64,4.912051E-4;65,4.2103292E-4;66,3.3526696E-4;67,2.1051646E-4;68,4.5222056E-4;69,2.417041E-4;70,4.3662675E-4;71,2.1051646E-4;72,1.6373504E-4;73,3.820484E-4;74,4.2882984E-4;75,3.898453E-4;76,1.7153194E-4;77,1.8712576E-4;78,1.6373504E-4;79,3.1187624E-4;80,7.017216E-5;81,4.678144E-5;82,6.237525E-5;83,7.017216E-5;84,3.1187625E-5;85,0.0;86,7.796906E-6;87,3.898453E-5;88,1.5593812E-5;89,4.678144E-5;90,3.1187625E-5;91,0.0;",
		"dropsList": [
			{
				"itemStack": "minecraft:wheat_seeds:0",
				"fortunes": {
					"0": 0.1252,
					"1": 0.2375,
					"2": 0.369,
					"3": 0.5389
				}
			}
		],
		"silktouch": false,
		"dim": "Overworld"
	},
	{
		"block": "minecraft:stone:3",
		"distrib": "0,0.0;1,0.008638972;2,0.016716566;3,0.023780564;4,0.030002495;5,0.03651291;6,0.037354976;7,0.039304204;8,0.041697856;9,0.04225923;10,0.04115987;11,0.03963947;12,0.037830587;13,0.03710548;14,0.03694174;15,0.03923403;16,0.042750437;17,0.044395585;18,0.043888785;19,0.042220246;20,0.041393775;21,0.044489145;22,0.046414983;23,0.047186878;24,0.045775637;25,0.04698416;26,0.047943175;27,0.049580526;28,0.049260855;29,0.046828218;30,0.04619667;31,0.04447355;32,0.04437999;33,0.042001933;34,0.040855788;35,0.03812687;36,0.03872723;37,0.040723242;38,0.043327406;39,0.04135479;40,0.03744854;41,0.03495353;42,0.036988523;43,0.03714446;44,0.035117265;45,0.03482098;46,0.035842378;47,0.033222616;48,0.019149201;49,0.019281749;50,0.01862681;51,0.01746507;52,0.017301334;53,0.01797187;54,0.018088823;55,0.016934881;56,0.016061626;57,0.015562625;58,0.014307323;59,0.012397081;60,0.010603792;61,0.00912238;62,0.009262725;63,0.009816305;64,0.008716941;65,0.008295909;66,0.0066195736;67,0.0062063374;68,0.0056839446;69,0.004732722;70,0.0039452347;71,0.0034540293;72,0.0033838572;73,0.004389658;74,0.0048652696;75,0.004389658;76,0.0035943738;77,0.002417041;78,0.0015983657;79,5.6137727E-4;80,0.0;",
		"dropsList": [
			{
				"itemStack": "minecraft:stone:3",
				"fortunes": {
					"0": 1.0,
					"1": 1.0,
					"2": 1.0,
					"3": 1.0
				}
			}
		],
		"silktouch": true,
		"dim": "Overworld"
	},
	{
		"block": "minecraft:stone:0",
		"distrib": "0,0.0;1,0.1577392;2,0.30430546;3,0.4520958;4,0.6066149;5,0.7641592;6,0.7669193;7,0.76098585;8,0.74717754;9,0.7353808;10,0.7430296;11,0.75065494;12,0.7598085;13,0.7633327;14,0.764245;15,0.75843626;16,0.7513099;17,0.75312656;18,0.75816333;19,0.75921595;20,0.75582427;21,0.7548029;22,0.7607597;23,0.7674495;24,0.7665918;25,0.7605726;26,0.758561;27,0.75774235;28,0.7592315;29,0.76622534;30,0.76624876;31,0.76268554;32,0.7583973;33,0.75343066;34,0.74408996;35,0.7329092;36,0.72727984;37,0.7247458;38,0.7196778;39,0.7059631;40,0.6943067;41,0.6857925;42,0.6697153;43,0.6520163;44,0.63258636;45,0.61008453;46,0.580542;47,0.53111744;48,0.32931012;49,0.3304173;50,0.32901385;51,0.32849145;52,0.32446045;53,0.3150496;54,0.3059428;55,0.29855913;56,0.2925789;57,0.28308228;58,0.27201065;59,0.25749284;60,0.22434038;61,0.19086047;62,0.16242515;63,0.14023516;64,0.10128961;65,0.09728979;66,0.09077938;67,0.08246788;68,0.07748565;69,0.07426553;70,0.07194985;71,0.06941585;72,0.06630489;73,0.060348053;74,0.053143714;75,0.048933383;76,0.047093313;77,0.04740519;78,0.048621505;79,0.04924526;80,0.035109468;81,0.035351172;82,0.03541355;83,0.03482098;84,0.034017902;85,0.03314465;86,0.0327548;87,0.032567676;88,0.032138847;89,0.031975113;90,0.031943925;91,0.03160086;92,0.03089914;93,0.03034556;94,0.030704217;95,0.030860154;96,0.03057167;97,0.03069642;98,0.031156437;99,0.031086264;100,0.030439122;101,0.029932322;102,0.029714009;103,0.02986215;104,0.02983876;105,0.029597055;106,0.02953468;107,0.029714009;108,0.029760791;109,0.02940993;110,0.029207211;111,0.028996695;112,0.02852888;113,0.028279379;114,0.0282248;115,0.028115643;116,0.028146831;117,0.028723802;118,0.028700411;119,0.028263785;120,0.028193614;121,0.028380739;122,0.0287316;123,0.028263785;124,0.027842753;125,0.027788173;126,0.02777258;127,0.027873939;128,0.027920721;129,0.028146831;130,0.028279379;131,0.0282248;132,0.02769461;133,0.027055265;134,0.026805764;135,0.026829153;136,0.026673216;137,0.026595248;138,0.026369136;139,0.02623659;140,0.026065057;141,0.025994886;142,0.026275573;143,0.026681013;144,0.026860341;145,0.026642028;146,0.026556263;147,0.026291167;148,0.025698602;149,0.02533215;150,0.02517621;151,0.025121631;152,0.02499688;153,0.024692802;154,0.024840944;155,0.024677208;156,0.024747381;157,0.024903318;158,0.024716193;159,0.024833146;160,0.024700599;161,0.024201596;162,0.023983283;163,0.023655813;164,0.023671407;165,0.023702595;166,0.02323478;167,0.023273764;168,0.022751372;169,0.02247848;170,0.022470683;171,0.02245509;172,0.022899514;173,0.022868326;174,0.022665607;175,0.022462886;176,0.022369323;177,0.022283558;178,0.021932697;179,0.021410305;180,0.021106225;181,0.020926896;182,0.02038891;183,0.01741049;184,0.012654379;185,0.009184755;186,0.00564496;187,0.0038438747;188,0.002658745;189,0.001824476;190,2.2611028E-4;191,0.0;",
		"dropsList": [
			{
				"itemStack": "minecraft:cobblestone:0",
				"fortunes": {
					"0": 1.0,
					"1": 1.0,
					"2": 1.0,
					"3": 1.0
				}
			}
		],
		"silktouch": true,
		"dim": "Overworld"
	},
	{
		"block": "minecraft:stone:1",
		"distrib": "0,0.0;1,0.008841692;2,0.017028444;3,0.025916915;4,0.033511102;5,0.040933758;6,0.040310007;7,0.04195515;8,0.043935567;9,0.046882797;10,0.046828218;11,0.045245446;12,0.041643277;13,0.039787613;14,0.041393775;15,0.04493357;16,0.04845777;17,0.048161488;18,0.04710111;19,0.0451129;20,0.04432541;21,0.04381861;22,0.043584704;23,0.04329622;24,0.042953156;25,0.045027133;26,0.047366206;27,0.048294038;28,0.048223864;29,0.045479354;30,0.04390438;31,0.044216257;32,0.044543725;33,0.043124687;34,0.042734843;35,0.043202657;36,0.04367047;37,0.042960953;38,0.040972743;39,0.038547903;40,0.036910553;41,0.037362773;42,0.039124876;43,0.03984999;44,0.039725237;45,0.038742825;46,0.03688716;47,0.031265594;48,0.017964073;49,0.018252557;50,0.02059163;51,0.021854728;52,0.021394711;53,0.020217378;54,0.020708583;55,0.019242765;56,0.01797187;57,0.015718563;58,0.01431512;59,0.014057822;60,0.012662176;61,0.011835704;62,0.009239334;63,0.007500624;64,0.005481225;65,0.0063700723;66,0.007071794;67,0.007555202;68,0.007820297;69,0.007500624;70,0.0067833085;71,0.0055202097;72,0.00433508;73,0.0039374377;74,0.0045066117;75,0.004568987;76,0.004303892;77,0.0027990893;78,0.0015203967;79,6.003618E-4;80,3.1187625E-5;81,0.0;",
		"dropsList": [
			{
				"itemStack": "minecraft:stone:1",
				"fortunes": {
					"0": 1.0,
					"1": 1.0,
					"2": 1.0,
					"3": 1.0
				}
			}
		],
		"silktouch": true,
		"dim": "Overworld"
	},
	{
		"block": "minecraft:waterlily:0",
		"distrib": "0,0.0;62,0.0;63,6.081587E-4;64,0.0;",
		"dropsList": [
			{
				"itemStack": "minecraft:waterlily:0",
				"fortunes": {
					"0": 1.0,
					"1": 1.0,
					"2": 1.0,
					"3": 1.0
				}
			}
		],
		"silktouch": false,
		"dim": "Overworld"
	},
	{
		"block": "biomesoplenty:seaweed:0",
		"distrib": "0,0.0;38,0.0;39,7.796906E-6;40,8.888473E-4;41,0.0016997255;42,0.0027912925;43,0.003999813;44,0.004210329;45,0.0041947355;46,0.00413236;47,0.003984219;48,0.0;",
		"dropsList": [
			{
				"itemStack": "biomesoplenty:seaweed:0",
				"fortunes": {
					"0": 1.0,
					"1": 1.0,
					"2": 1.0,
					"3": 1.0
				}
			}
		],
		"silktouch": false,
		"dim": "Overworld"
	},
	{
		"block": "minecraft:redstone_ore:0",
		"distrib": "0,0.0;1,0.0021831337;2,0.0036177645;3,0.005496819;4,0.0072199353;5,0.009309506;6,0.0093251;7,0.009145771;8,0.009722742;9,0.010252932;10,0.009660367;11,0.009379678;12,0.010065806;13,0.00922374;14,0.004475424;15,8.2647207E-4;16,0.0;",
		"dropsList": [
			{
				"itemStack": "minecraft:redstone:0",
				"fortunes": {
					"0": 4.5,
					"1": 4.9964,
					"2": 5.5071,
					"3": 6.0101
				}
			}
		],
		"silktouch": true,
		"dim": "Overworld"
	},
	{
		"block": "minecraft:mob_spawner:0",
		"distrib": "0,0.0;13,0.0;14,7.796906E-6;15,0.0;16,7.796906E-6;17,0.0;28,0.0;29,7.796906E-6;30,7.796906E-6;31,0.0;32,1.5593812E-5;33,1.5593812E-5;34,7.796906E-6;35,2.339072E-5;36,1.5593812E-5;37,0.0;38,7.796906E-6;39,0.0;43,0.0;44,7.796906E-6;45,7.796906E-6;46,0.0;",
		"silktouch": false,
		"dim": "Overworld"
	},
	{
		"block": "minecraft:dirt:0",
		"distrib": "0,0.0;1,0.003422842;2,0.007594187;3,0.010151572;4,0.011321108;5,0.01194486;6,0.01257641;7,0.012841504;8,0.013972056;9,0.015242952;10,0.01685691;11,0.020295346;12,0.019414296;13,0.01844748;14,0.017223366;15,0.016170783;16,0.016545035;17,0.017761352;18,0.018049838;19,0.018938685;20,0.018884107;21,0.017995259;22,0.016849114;23,0.0151649825;24,0.014478855;25,0.015219561;26,0.013909681;27,0.0136679765;28,0.014580214;29,0.01539889;30,0.016771145;31,0.017714571;32,0.01829934;33,0.01779254;34,0.01670877;35,0.015547031;36,0.015359906;37,0.017480664;38,0.023733782;39,0.027226796;40,0.02820141;41,0.026298964;42,0.020669598;43,0.018954279;44,0.014954466;45,0.014400885;46,0.014330714;47,0.012966255;48,0.008677957;49,0.008732535;50,0.008904067;51,0.00987868;52,0.011929266;53,0.01673216;54,0.018813934;55,0.023406312;56,0.02618201;57,0.031671032;58,0.03626341;59,0.039078094;60,0.044029128;61,0.05344779;62,0.043865394;63,0.03903911;64,0.010728543;65,0.010026821;66,0.013699165;67,0.015359906;68,0.015055826;69,0.013215756;70,0.011679766;71,0.009535616;72,0.0073524825;73,0.0071263723;74,0.008888473;75,0.0100814;76,0.009644773;77,0.0075785927;78,0.005715132;79,0.005169349;80,0.0020116018;81,0.0013566617;82,6.315494E-4;83,6.081587E-4;84,6.8612775E-4;85,9.5901947E-4;86,7.562999E-4;87,6.7833083E-4;88,7.1731536E-4;89,6.9392467E-4;90,6.705339E-4;91,7.640968E-4;92,9.2003495E-4;93,0.001075973;94,8.966442E-4;95,5.301896E-4;96,3.4306388E-4;97,2.7289172E-4;98,2.417041E-4;99,3.508608E-4;100,5.4578343E-4;101,6.705339E-4;102,5.8476796E-4;103,3.742515E-4;104,2.7289172E-4;105,3.976422E-4;106,5.379865E-4;107,5.691741E-4;108,5.145958E-4;109,3.820484E-4;110,5.223927E-4;111,6.62737E-4;112,7.1731536E-4;113,8.732535E-4;114,7.48503E-4;115,9.12238E-4;116,8.4986276E-4;117,6.393463E-4;118,5.8476796E-4;119,6.003618E-4;120,4.6781436E-4;121,3.1967316E-4;122,6.237525E-5;123,4.678144E-5;124,1.4034432E-4;125,1.325474E-4;126,8.576597E-5;127,7.796906E-5;128,4.678144E-5;129,1.5593812E-5;130,0.0;131,0.0;132,1.5593812E-4;133,6.003618E-4;134,8.810504E-4;135,0.0010291917;136,0.0010681761;137,9.12238E-4;138,7.640968E-4;139,9.2003495E-4;140,0.0010135978;141,9.98004E-4;142,8.4206584E-4;143,5.067989E-4;144,2.8068863E-4;145,2.417041E-4;146,2.0271956E-4;147,2.0271956E-4;148,5.925649E-4;149,8.966442E-4;150,0.0010135978;151,9.824102E-4;152,8.654566E-4;153,7.407061E-4;154,4.4442364E-4;155,4.912051E-4;156,5.223927E-4;157,6.315494E-4;158,6.5494014E-4;159,3.742515E-4;160,3.1187624E-4;161,7.0951844E-4;162,9.356287E-4;163,0.0010603792;164,9.12238E-4;165,7.251123E-4;166,8.1087823E-4;167,6.237525E-4;168,6.705339E-4;169,8.2647207E-4;170,8.4206584E-4;171,7.0951844E-4;172,3.508608E-4;173,1.0915669E-4;174,0.0;175,0.0;176,5.4578344E-5;177,2.2611028E-4;178,3.1967316E-4;179,4.0543912E-4;180,3.2747007E-4;181,2.1051646E-4;182,2.8068863E-4;183,4.5222056E-4;184,7.407061E-4;185,5.7697104E-4;186,1.4034432E-4;187,1.0135978E-4;188,8.576597E-5;189,1.5593812E-5;190,0.0;",
		"dropsList": [
			{
				"itemStack": "minecraft:dirt:0",
				"fortunes": {
					"0": 1.0,
					"1": 1.0,
					"2": 1.0,
					"3": 1.0
				}
			}
		],
		"silktouch": true,
		"dim": "Overworld"
	},
	{
		"block": "biomesoplenty:leaves_3:10",
		"distrib": "0,0.0;80,0.0;81,6.237525E-5;82,6.237525E-5;83,1.5593812E-5;84,7.796906E-6;85,0.0;",
		"dropsList": [
			{
				"itemStack": "biomesoplenty:peach:0",
				"fortunes": {
					"0": 0.0037,
					"1": 0.0047,
					"2": 0.0051,
					"3": 0.007
				}
			},
			{
				"itemStack": "biomesoplenty:sapling_1:6",
				"fortunes": {
					"0": 0.0508,
					"1": 0.0619,
					"2": 0.078,
					"3": 0.1019
				}
			}
		],
		"silktouch": true,
		"dim": "Overworld"
	},
	{
		"block": "minecraft:web:0",
		"distrib": "0,0.0;11,0.0;12,7.796906E-6;13,5.4578344E-5;14,0.0;15,3.3526696E-4;16,4.7561128E-4;17,3.5865768E-4;18,7.796906E-5;19,3.1187625E-5;20,1.5593812E-5;21,4.678144E-5;22,1.9492266E-4;23,7.796906E-6;24,0.0;25,0.0;26,3.898453E-5;27,7.017216E-5;28,0.0;29,7.796906E-6;30,6.237525E-5;31,1.1695359E-4;32,5.4578344E-5;33,3.3526696E-4;34,4.3662675E-4;35,1.9492266E-4;36,4.99002E-4;37,3.898453E-4;38,3.4306388E-4;39,1.8712576E-4;40,1.5593812E-5;41,1.6373504E-4;42,2.3390718E-4;43,4.678144E-5;44,0.0;45,8.576597E-5;46,1.247505E-4;47,7.017216E-5;48,3.898453E-5;49,0.0;50,0.0;51,7.796906E-5;52,1.5593812E-5;53,0.0;",
		"dropsList": [
			{
				"itemStack": "minecraft:string:0",
				"fortunes": {
					"0": 1.0,
					"1": 1.0,
					"2": 1.0,
					"3": 1.0
				}
			}
		],
		"silktouch": true,
		"dim": "Overworld"
	},
	{
		"block": "randomthings:beanSprout:0",
		"distrib": "0,0.0;60,0.0;61,7.796906E-6;62,0.0;63,3.1187625E-5;64,7.796906E-6;65,0.0;67,0.0;68,7.796906E-6;70,7.796906E-6;71,0.0;72,3.1187625E-5;73,0.0;74,7.796906E-6;77,7.796906E-6;78,0.0;79,7.796906E-6;80,0.0;",
		"dropsList": [
			{
				"itemStack": "randomthings:beans:0",
				"fortunes": {
					"0": 1.0,
					"1": 1.0,
					"2": 1.0,
					"3": 1.0
				}
			}
		],
		"silktouch": false,
		"dim": "Overworld"
	},
	{
		"block": "biomesoplenty:dirt:2",
		"distrib": "0,0.0;54,0.0;55,7.796906E-5;56,3.664546E-4;57,5.8476796E-4;58,7.329092E-4;59,0.004155751;60,0.020131612;61,0.0342752;62,0.03130458;63,0.0144086825;64,0.0017309132;65,0.0014580215;66,0.0011227545;67,8.732535E-4;68,7.718937E-4;69,7.8748754E-4;70,7.718937E-4;71,6.8612775E-4;72,6.9392467E-4;73,6.7833083E-4;74,6.7833083E-4;75,6.393463E-4;76,5.925649E-4;77,6.081587E-4;78,6.315494E-4;79,6.237525E-4;80,5.145958E-4;81,4.2882984E-4;82,4.6001747E-4;83,4.834082E-4;84,5.067989E-4;85,4.1323603E-4;86,4.1323603E-4;87,4.2882984E-4;88,4.0543912E-4;89,3.976422E-4;90,4.2103292E-4;91,3.742515E-4;92,3.3526696E-4;93,3.1967316E-4;94,2.7289172E-4;95,2.572979E-4;96,3.1187624E-4;97,3.1967316E-4;98,2.3390718E-4;99,2.2611028E-4;100,2.417041E-4;101,2.7289172E-4;102,2.7289172E-4;103,2.3390718E-4;104,1.325474E-4;105,1.4034432E-4;106,1.6373504E-4;107,1.7932884E-4;108,1.7153194E-4;109,1.4814122E-4;110,1.325474E-4;112,1.325474E-4;113,1.0915669E-4;114,1.1695359E-4;115,1.0915669E-4;116,1.0135978E-4;117,7.796906E-5;118,4.678144E-5;119,5.4578344E-5;120,7.796906E-5;121,1.0915669E-4;122,8.576597E-5;123,7.017216E-5;124,3.898453E-5;126,3.898453E-5;127,4.678144E-5;128,4.678144E-5;129,6.237525E-5;130,4.678144E-5;131,4.678144E-5;132,3.1187625E-5;133,1.5593812E-5;134,2.339072E-5;135,1.5593812E-5;136,3.1187625E-5;137,2.339072E-5;138,1.5593812E-5;139,1.5593812E-5;140,7.796906E-6;146,7.796906E-6;147,0.0;",
		"dropsList": [
			{
				"itemStack": "biomesoplenty:dirt:2",
				"fortunes": {
					"0": 1.0,
					"1": 1.0,
					"2": 1.0,
					"3": 1.0
				}
			}
		],
		"silktouch": true,
		"dim": "Overworld"
	},
	{
		"block": "biomesoplenty:dirt:1",
		"distrib": "0,0.0;47,0.0;48,1.5593812E-5;49,2.339072E-5;50,3.898453E-5;51,7.796906E-5;52,1.325474E-4;53,1.7153194E-4;54,2.8848552E-4;55,4.5222056E-4;56,4.6001747E-4;57,6.5494014E-4;58,4.0543912E-4;59,3.3526696E-4;60,3.1187624E-4;61,8.654566E-4;62,0.0021987276;63,0.0028614646;64,0.0;",
		"dropsList": [
			{
				"itemStack": "biomesoplenty:dirt:1",
				"fortunes": {
					"0": 1.0,
					"1": 1.0,
					"2": 1.0,
					"3": 1.0
				}
			}
		],
		"silktouch": true,
		"dim": "Overworld"
	},
	{
		"block": "biomesoplenty:dirt:0",
		"distrib": "0,0.0;55,0.0;56,3.1187625E-5;58,3.1187625E-5;59,2.339072E-5;60,3.1187625E-5;61,8.576597E-5;62,4.678144E-5;63,6.237525E-5;64,7.017216E-5;65,7.796906E-5;66,0.0010213947;67,0.00249501;68,0.0024638223;69,0.0018946482;70,0.003321482;71,0.0047717066;72,0.0049432386;73,0.004740519;74,0.0041401573;75,0.0030096057;76,0.0011305514;77,6.237525E-5;78,0.0;",
		"dropsList": [
			{
				"itemStack": "biomesoplenty:dirt:0",
				"fortunes": {
					"0": 1.0,
					"1": 1.0,
					"2": 1.0,
					"3": 1.0
				}
			}
		],
		"silktouch": true,
		"dim": "Overworld"
	}
]