[
	{
		"block": "biomesoplenty:mushroom:3",
		"distrib": "0,0.0;11,0.0;12,1.171875E-4;13,7.8125E-5;14,3.90625E-5;15,0.0;17,0.0;18,1.5625E-4;19,3.90625E-5;20,0.0;37,0.0;38,3.90625E-5;39,0.0;42,0.0;43,1.5625E-4;44,1.171875E-4;45,7.8125E-5;46,3.90625E-5;47,3.90625E-5;48,0.0;",
		"dropsList": [
			{
				"itemStack": "biomesoplenty:mushroom:3",
				"fortunes": {
					"0": 1.0,
					"1": 1.0,
					"2": 1.0,
					"3": 1.0
				}
			}
		],
		"silktouch": false,
		"dim": "Overworld"
	},
	{
		"block": "minecraft:water:0",
		"distrib": "0,0.0;2,0.0;3,0.001015625;4,0.0030859376;5,0.0;11,0.0;12,0.0013671875;13,0.0034375;14,3.90625E-5;15,0.0;17,0.0;18,3.90625E-5;19,0.0;23,0.0;24,3.90625E-5;25,3.90625E-5;26,3.125E-4;27,0.0040625;28,0.017304687;29,0.039257813;30,0.059335936;31,0.1040625;32,0.14753906;33,0.17523438;34,0.20882812;35,0.24921875;36,0.2857422;37,0.3134375;38,0.3389453;39,0.36839843;40,0.39628905;41,0.4094922;42,0.42132813;43,0.4332422;44,0.44183594;45,0.45058593;46,0.46410155;47,0.47660157;48,0.015625;49,0.017109375;50,0.018476563;51,0.019726563;52,0.020898437;53,0.022148438;54,0.023476563;55,0.025039062;56,0.026640626;57,0.02953125;58,0.032421876;59,0.038359374;60,0.045976564;61,0.05332031;62,0.07242188;63,0.0046484377;64,0.0;75,0.0;76,0.0012890626;77,0.0;",
		"silktouch": false,
		"dim": "Overworld"
	},
	{
		"block": "biomesoplenty:mushroom:1",
		"distrib": "0,0.0;62,0.0;63,2.734375E-4;64,0.0;",
		"dropsList": [
			{
				"itemStack": "biomesoplenty:mushroom:1",
				"fortunes": {
					"0": 1.0,
					"1": 1.0,
					"2": 1.0,
					"3": 1.0
				}
			}
		],
		"silktouch": false,
		"dim": "Overworld"
	},
	{
		"block": "minecraft:bedrock:0",
		"distrib": "0,1.0;1,0.8041016;2,0.5984375;3,0.39609376;4,0.198125;5,0.0;",
		"silktouch": true,
		"dim": "Overworld"
	},
	{
		"block": "minecraft:snow:0",
		"distrib": "0,0.0;61,0.0;62,0.004609375;63,0.002421875;64,0.0;",
		"dropsList": [
			{
				"itemStack": "minecraft:snowball:0",
				"fortunes": {
					"0": 4.0,
					"1": 4.0,
					"2": 4.0,
					"3": 4.0
				}
			}
		],
		"silktouch": true,
		"dim": "Overworld"
	},
	{
		"block": "minecraft:reeds:0",
		"distrib": "0,0.0;62,0.0;63,1.953125E-4;64,0.0;",
		"dropsList": [
			{
				"itemStack": "minecraft:reeds:0",
				"fortunes": {
					"0": 1.0,
					"1": 1.0,
					"2": 1.0,
					"3": 1.0
				}
			}
		],
		"silktouch": false,
		"dim": "Overworld"
	},
	{
		"block": "minecraft:iron_ore:0",
		"distrib": "0,0.0;1,0.0017578125;2,0.0033203126;3,0.004375;4,0.0075390623;5,0.00921875;6,0.008398438;7,0.010117187;8,0.009453125;9,0.007109375;10,0.008398438;11,0.00875;12,0.0074609374;13,0.0058984375;14,0.0065625;15,0.0069140624;16,0.009023437;17,0.006875;18,0.008398438;19,0.009023437;20,0.0072265626;21,0.0090625;22,0.008554688;23,0.0072265626;24,0.0066796876;25,0.009921875;26,0.008710938;27,0.008398438;28,0.00859375;29,0.0072265626;30,0.006015625;31,0.00703125;32,0.006171875;33,0.00578125;34,0.0069140624;35,0.006015625;36,0.0062890626;37,0.007265625;38,0.0042578126;39,0.003828125;40,0.004140625;41,0.004609375;42,0.004296875;43,0.00484375;44,0.00328125;45,0.0025390624;46,0.003671875;47,0.0044140625;48,0.0037109375;49,0.0026953125;50,0.0036328125;51,0.0025;52,0.0030859376;53,0.00328125;54,0.0028515626;55,0.003125;56,0.0040625;57,0.00296875;58,0.002578125;59,0.002265625;60,0.0016015625;61,0.0012890626;62,3.90625E-4;63,0.0;",
		"dropsList": [
			{
				"itemStack": "minecraft:iron_ore:0",
				"fortunes": {
					"0": 1.0,
					"1": 1.0,
					"2": 1.0,
					"3": 1.0
				}
			}
		],
		"silktouch": true,
		"dim": "Overworld"
	},
	{
		"block": "minecraft:lapis_ore:0",
		"distrib": "0,0.0;1,3.90625E-5;2,0.0;3,1.953125E-4;4,5.46875E-4;5,3.515625E-4;6,2.734375E-4;7,4.6875E-4;8,6.640625E-4;9,5.859375E-4;10,5.46875E-4;11,7.03125E-4;12,0.001015625;13,0.0011328125;14,9.765625E-4;15,4.6875E-4;16,9.375E-4;17,6.25E-4;18,6.640625E-4;19,8.59375E-4;20,6.25E-4;21,3.515625E-4;22,5.078125E-4;23,3.125E-4;24,3.125E-4;25,6.25E-4;26,7.8125E-4;27,7.421875E-4;28,1.5625E-4;29,0.0;",
		"dropsList": [
			{
				"itemStack": "minecraft:dye:4",
				"fortunes": {
					"0": 5.9988,
					"1": 8.0141,
					"2": 10.4653,
					"3": 13.213
				}
			}
		],
		"silktouch": true,
		"dim": "Overworld"
	},
	{
		"block": "minecraft:sand:0",
		"distrib": "0,0.0;30,0.0;31,2.734375E-4;32,6.640625E-4;33,0.0;35,0.0;36,4.296875E-4;37,4.6875E-4;38,5.46875E-4;39,5.46875E-4;40,9.375E-4;41,5.46875E-4;42,1.953125E-4;43,1.953125E-4;44,0.0;45,1.953125E-4;46,0.0;47,0.0;48,1.171875E-4;49,1.171875E-4;50,0.0;51,7.8125E-5;52,2.34375E-4;53,7.8125E-4;54,0.001953125;55,0.0021484375;56,0.0023046874;57,0.0020703124;58,0.0019921875;59,0.0021484375;60,0.0055078124;61,0.008085937;62,0.0125;63,0.014492188;64,0.0;",
		"dropsList": [
			{
				"itemStack": "minecraft:sand:0",
				"fortunes": {
					"0": 1.0,
					"1": 1.0,
					"2": 1.0,
					"3": 1.0
				}
			}
		],
		"silktouch": true,
		"dim": "Overworld"
	},
	{
		"block": "biomesoplenty:plant_1:8",
		"distrib": "0,0.0;62,0.0;63,1.5625E-4;64,0.0;",
		"dropsList": [
			{
				"itemStack": "biomesoplenty:plant_1:8",
				"fortunes": {
					"0": 1.0,
					"1": 1.0,
					"2": 1.0,
					"3": 1.0
				}
			}
		],
		"silktouch": false,
		"dim": "Overworld"
	},
	{
		"block": "forestry:resources:0",
		"distrib": "0,0.0;53,0.0;54,3.90625E-5;55,9.375E-4;56,0.0014453125;57,0.0014453125;58,8.59375E-4;59,3.90625E-5;60,3.515625E-4;61,4.296875E-4;62,3.515625E-4;63,0.0;",
		"dropsList": [
			{
				"itemStack": "forestry:apatite:0",
				"fortunes": {
					"0": 4.0078,
					"1": 5.3936,
					"2": 7.0994,
					"3": 8.7403
				}
			}
		],
		"silktouch": true,
		"dim": "Overworld"
	},
	{
		"block": "minecraft:air:0",
		"distrib": "0,0.0;4,0.0;5,0.00359375;6,0.0025;7,5.859375E-4;8,0.0;10,0.0;11,0.037578125;12,0.03828125;13,0.04234375;14,0.043710936;15,0.041875;16,0.036289062;17,0.03125;18,0.0321875;19,0.030742187;20,0.028007813;21,0.03125;22,0.034492187;23,0.035039064;24,0.03359375;25,0.03515625;26,0.03363281;27,0.027148437;28,0.026054688;29,0.023359375;30,0.019921875;31,0.020195313;32,0.020742187;33,0.01953125;34,0.016132813;35,0.010585938;36,0.009375;37,0.00921875;38,0.009804687;39,0.011992187;40,0.015976563;41,0.0271875;42,0.03484375;43,0.05890625;44,0.050703123;45,0.038671874;46,0.0146484375;47,0.018828126;48,0.01484375;49,0.012421875;50,0.0068359375;51,0.0026953125;52,0.0033203126;53,0.0040234374;54,0.0053125;55,0.0059765624;56,0.0060546873;57,0.0062109376;58,0.0059375;59,0.003671875;60,0.002265625;61,0.00484375;62,0.0039453125;63,0.10007813;64,0.0126953125;65,0.013085937;66,0.01359375;67,0.014101562;68,0.01453125;69,0.015;70,0.015585938;71,0.016054688;72,0.016523438;73,0.017070312;74,0.017460937;75,0.018359374;76,0.019101562;77,0.021523438;78,0.02171875;79,0.02203125;80,0.0;",
		"silktouch": false,
		"dim": "Overworld"
	},
	{
		"block": "forestry:resources:2",
		"distrib": "0,0.0;12,0.0;13,1.5625E-4;14,7.8125E-4;15,0.002265625;16,0.0022265625;17,0.0026171876;18,0.0020703124;19,0.00328125;20,0.003359375;21,0.0032421874;22,0.0025;23,0.002734375;24,0.003046875;25,0.0034375;26,0.002734375;27,0.003125;28,0.001953125;29,0.00296875;30,0.00296875;31,0.001953125;32,0.002890625;33,0.0021875;34,0.001796875;35,0.00171875;36,0.0017578125;37,0.00203125;38,0.0019140625;39,0.0016015625;40,0.0024609375;41,0.00109375;42,0.0012109375;43,0.0012109375;44,0.00140625;45,0.001015625;46,0.002109375;47,0.0019140625;48,0.0012890626;49,0.0017578125;50,0.0019921875;51,0.0019140625;52,0.0017578125;53,7.8125E-4;54,0.00125;55,0.0012109375;56,0.001484375;57,0.001328125;58,0.0011328125;59,8.59375E-4;60,8.203125E-4;61,5.46875E-4;62,7.8125E-5;63,1.5625E-4;64,7.8125E-5;65,0.0;66,7.8125E-5;67,3.90625E-5;68,1.171875E-4;69,0.0;70,1.5625E-4;71,7.8125E-5;72,1.5625E-4;73,0.0;75,0.0;76,1.5625E-4;77,0.0;",
		"dropsList": [
			{
				"itemStack": "forestry:resources:2",
				"fortunes": {
					"0": 1.0,
					"1": 1.0,
					"2": 1.0,
					"3": 1.0
				}
			}
		],
		"silktouch": true,
		"dim": "Overworld"
	},
	{
		"block": "forestry:resources:1",
		"distrib": "0,0.0;28,0.0;29,2.734375E-4;30,0.0016796875;31,0.00203125;32,0.0025390624;33,0.0028515626;34,0.0018359375;35,0.0021484375;36,0.002421875;37,0.002734375;38,0.0029296875;39,0.00234375;40,0.0022265625;41,0.0023046874;42,0.00125;43,0.00125;44,0.0015625;45,0.0017578125;46,0.00125;47,0.0015234374;48,7.8125E-4;49,0.0010546875;50,0.001640625;51,0.001171875;52,7.03125E-4;53,0.0015234374;54,0.0019921875;55,0.001484375;56,0.00109375;57,0.0010546875;58,0.001171875;59,0.001640625;60,0.0013671875;61,6.25E-4;62,3.125E-4;63,1.171875E-4;64,7.8125E-5;65,1.953125E-4;66,1.953125E-4;67,0.0;69,0.0;70,1.171875E-4;71,0.0;72,0.0;73,3.90625E-5;74,3.90625E-5;75,0.0;77,0.0;78,1.171875E-4;79,7.8125E-5;80,0.0;",
		"dropsList": [
			{
				"itemStack": "forestry:resources:1",
				"fortunes": {
					"0": 1.0,
					"1": 1.0,
					"2": 1.0,
					"3": 1.0
				}
			}
		],
		"silktouch": true,
		"dim": "Overworld"
	},
	{
		"block": "biomesoplenty:plant_1:5",
		"distrib": "0,0.0;62,0.0;63,3.90625E-5;64,0.0;",
		"dropsList": [
			{
				"itemStack": "biomesoplenty:plant_1:5",
				"fortunes": {
					"0": 1.0,
					"1": 1.0,
					"2": 1.0,
					"3": 1.0
				}
			}
		],
		"silktouch": false,
		"dim": "Overworld"
	},
	{
		"block": "minecraft:gravel:0",
		"distrib": "0,0.0;1,0.002421875;2,0.0052734376;3,0.00890625;4,0.009375;5,0.009023437;6,0.008242187;7,0.0084375;8,0.010976562;9,0.012265625;10,0.010664063;11,0.009726563;12,0.010351563;13,0.012890625;14,0.016289063;15,0.018242188;16,0.016171874;17,0.016015625;18,0.013359375;19,0.013007812;20,0.011875;21,0.008398438;22,0.00703125;23,0.00765625;24,0.008828125;25,0.010625;26,0.01265625;27,0.02875;28,0.03734375;29,0.032734375;30,0.053359374;31,0.049765624;32,0.034882814;33,0.042109374;34,0.050976563;35,0.047304686;36,0.03753906;37,0.034023438;38,0.039453126;39,0.038359374;40,0.021835938;41,0.020429688;42,0.019804688;43,0.016367188;44,0.016640626;45,0.020585937;46,0.020078124;47,0.0153125;48,0.00796875;49,0.0060546873;50,0.0050390624;51,0.006171875;52,0.00875;53,0.008085937;54,0.0062890626;55,0.00421875;56,0.003203125;57,0.0051953127;58,0.008710938;59,0.008242187;60,0.010859375;61,0.011015625;62,0.0054296874;63,0.0022265625;64,0.0;71,0.0;72,2.734375E-4;73,0.0010546875;74,0.0012109375;75,0.0019140625;76,0.001796875;77,0.00171875;78,0.0012109375;79,0.0;",
		"dropsList": [
			{
				"itemStack": "minecraft:flint:0",
				"fortunes": {
					"0": 0.0963,
					"1": 0.1426,
					"2": 0.2511,
					"3": 1.0
				}
			},
			{
				"itemStack": "minecraft:gravel:0",
				"fortunes": {
					"0": 0.9037,
					"1": 0.8574,
					"2": 0.7489
				}
			}
		],
		"silktouch": true,
		"dim": "Overworld"
	},
	{
		"block": "biomesoplenty:plant_1:9",
		"distrib": "0,0.0;61,0.0;62,7.8125E-5;63,3.90625E-5;64,0.0;",
		"dropsList": [
			{
				"itemStack": "biomesoplenty:plant_1:9",
				"fortunes": {
					"0": 1.0,
					"1": 1.0,
					"2": 1.0,
					"3": 1.0
				}
			}
		],
		"silktouch": false,
		"dim": "Overworld"
	},
	{
		"block": "minecraft:sand:1",
		"distrib": "0,0.0;60,0.0;61,3.90625E-5;62,3.90625E-4;63,0.0019140625;64,0.0;",
		"dropsList": [
			{
				"itemStack": "minecraft:sand:1",
				"fortunes": {
					"0": 1.0,
					"1": 1.0,
					"2": 1.0,
					"3": 1.0
				}
			}
		],
		"silktouch": true,
		"dim": "Overworld"
	},
	{
		"block": "biomesoplenty:gem_ore:4",
		"distrib": "0,0.0;3,0.0;4,3.515625E-4;5,1.953125E-4;6,1.5625E-4;7,2.734375E-4;8,3.125E-4;9,3.125E-4;10,2.34375E-4;11,1.171875E-4;13,1.171875E-4;14,2.34375E-4;15,1.5625E-4;16,1.953125E-4;17,3.515625E-4;18,3.125E-4;19,2.34375E-4;20,3.515625E-4;21,1.953125E-4;22,2.34375E-4;23,3.125E-4;24,2.34375E-4;25,7.8125E-5;26,3.125E-4;27,2.734375E-4;28,2.34375E-4;29,2.734375E-4;30,2.734375E-4;31,1.171875E-4;32,1.171875E-4;33,0.0;",
		"dropsList": [
			{
				"itemStack": "biomesoplenty:gem:4",
				"fortunes": {
					"0": 1.0,
					"1": 1.3313,
					"2": 1.7755,
					"3": 2.2128
				}
			}
		],
		"silktouch": true,
		"dim": "Overworld"
	},
	{
		"block": "minecraft:ice:0",
		"distrib": "0,0.0;61,0.0;62,0.0023828126;63,0.0;",
		"silktouch": true,
		"dim": "Overworld"
	},
	{
		"block": "biomesoplenty:gem_ore:5",
		"distrib": "0,0.0;3,0.0;4,3.90625E-5;6,3.90625E-5;7,0.0;9,0.0;10,1.171875E-4;11,7.8125E-5;13,7.8125E-5;14,3.90625E-5;15,3.90625E-5;16,0.0;17,1.5625E-4;18,0.0;19,3.90625E-5;24,3.90625E-5;25,1.171875E-4;26,0.0;27,1.171875E-4;28,3.90625E-5;29,3.90625E-5;30,0.0;31,0.0;32,7.8125E-5;33,0.0;",
		"dropsList": [
			{
				"itemStack": "biomesoplenty:gem:5",
				"fortunes": {
					"0": 1.0,
					"1": 1.333,
					"2": 1.7563,
					"3": 2.1844
				}
			}
		],
		"silktouch": true,
		"dim": "Overworld"
	},
	{
		"block": "biomesoplenty:gem_ore:6",
		"distrib": "0,0.0;18,0.0;19,3.90625E-5;20,0.0;21,3.90625E-5;22,3.90625E-5;23,0.0;24,3.90625E-5;25,0.0;26,0.0;27,3.90625E-5;28,7.8125E-5;29,0.0;30,3.90625E-5;31,0.0;32,3.90625E-5;33,0.0;",
		"dropsList": [
			{
				"itemStack": "biomesoplenty:gem:6",
				"fortunes": {
					"0": 1.0,
					"1": 1.3269,
					"2": 1.7539,
					"3": 2.2215
				}
			}
		],
		"silktouch": true,
		"dim": "Overworld"
	},
	{
		"block": "minecraft:fence:0",
		"distrib": "0,0.0;31,0.0;32,4.6875E-4;33,7.03125E-4;34,2.34375E-4;35,0.0;37,0.0;38,3.125E-4;39,3.125E-4;40,0.0;41,3.90625E-4;42,7.8125E-4;43,0.0034375;44,0.00328125;45,2.34375E-4;46,0.0;47,6.25E-4;48,6.25E-4;49,0.0;",
		"dropsList": [
			{
				"itemStack": "minecraft:fence:0",
				"fortunes": {
					"0": 1.0,
					"1": 1.0,
					"2": 1.0,
					"3": 1.0
				}
			}
		],
		"silktouch": false,
		"dim": "Overworld"
	},
	{
		"block": "biomesoplenty:plant_0:1",
		"distrib": "0,0.0;62,0.0;63,0.001796875;64,0.0;72,0.0;73,3.90625E-5;74,1.171875E-4;75,1.5625E-4;76,3.90625E-5;77,7.8125E-5;78,0.0;",
		"dropsList": [
			{
				"itemStack": "immersiveengineering:seed:0",
				"fortunes": {
					"0": 0.0436,
					"1": 0.0425,
					"2": 0.0433,
					"3": 0.041
				}
			},
			{
				"itemStack": "minecraft:wheat_seeds:0",
				"fortunes": {
					"0": 0.0809,
					"1": 0.1594,
					"2": 0.2479,
					"3": 0.3433
				}
			}
		],
		"silktouch": false,
		"dim": "Overworld"
	},
	{
		"block": "biomesoplenty:plant_0:0",
		"distrib": "0,0.0;61,0.0;62,1.5625E-4;63,0.00109375;64,0.0;",
		"dropsList": [
			{
				"itemStack": "immersiveengineering:seed:0",
				"fortunes": {
					"0": 0.04,
					"1": 0.0409,
					"2": 0.0429,
					"3": 0.0416
				}
			},
			{
				"itemStack": "minecraft:wheat_seeds:0",
				"fortunes": {
					"0": 0.082,
					"1": 0.1682,
					"2": 0.2365,
					"3": 0.3211
				}
			}
		],
		"silktouch": false,
		"dim": "Overworld"
	},
	{
		"block": "biomesoplenty:gem_ore:1",
		"distrib": "0,0.0;4,0.0;5,1.5625E-4;6,7.8125E-5;7,3.90625E-5;8,1.5625E-4;9,0.0;10,7.8125E-5;11,3.90625E-5;13,3.90625E-5;14,7.8125E-5;15,3.90625E-5;16,3.90625E-5;17,1.5625E-4;18,7.8125E-5;19,1.171875E-4;20,1.171875E-4;21,1.5625E-4;22,7.8125E-5;23,7.8125E-5;24,1.171875E-4;25,7.8125E-5;26,3.90625E-5;27,1.171875E-4;28,3.90625E-5;29,3.90625E-5;30,0.0;31,0.0;32,1.171875E-4;33,0.0;",
		"dropsList": [
			{
				"itemStack": "biomesoplenty:gem:1",
				"fortunes": {
					"0": 1.0,
					"1": 1.3407,
					"2": 1.7591,
					"3": 2.2336
				}
			}
		],
		"silktouch": true,
		"dim": "Overworld"
	},
	{
		"block": "minecraft:sandstone:0",
		"distrib": "0,0.0;46,0.0;47,3.90625E-5;48,0.0;49,0.0;50,3.90625E-5;51,3.90625E-4;52,6.640625E-4;53,6.640625E-4;54,5.078125E-4;55,7.03125E-4;56,7.03125E-4;57,8.203125E-4;58,0.0021484375;59,0.0043359376;60,0.00671875;61,0.0059765624;62,0.0023046874;63,0.0;",
		"dropsList": [
			{
				"itemStack": "minecraft:sandstone:0",
				"fortunes": {
					"0": 1.0,
					"1": 1.0,
					"2": 1.0,
					"3": 1.0
				}
			}
		],
		"silktouch": true,
		"dim": "Overworld"
	},
	{
		"block": "biomesoplenty:mud:0",
		"distrib": "0,0.0;47,0.0;48,1.171875E-4;49,3.515625E-4;50,4.6875E-4;51,7.03125E-4;52,0.0;",
		"dropsList": [
			{
				"itemStack": "biomesoplenty:mudball:0",
				"fortunes": {
					"0": 4.0,
					"1": 4.0,
					"2": 4.0,
					"3": 4.0
				}
			}
		],
		"silktouch": true,
		"dim": "Overworld"
	},
	{
		"block": "biomesoplenty:gem_ore:2",
		"distrib": "0,0.0;3,0.0;4,1.953125E-4;5,2.734375E-4;6,5.078125E-4;7,3.125E-4;8,4.296875E-4;9,3.90625E-4;10,1.5625E-4;11,2.734375E-4;12,3.515625E-4;13,3.90625E-4;14,3.515625E-4;15,2.34375E-4;16,2.734375E-4;17,3.90625E-4;18,3.125E-4;19,2.734375E-4;20,4.296875E-4;21,3.90625E-4;23,3.90625E-4;24,5.078125E-4;25,3.125E-4;26,2.34375E-4;27,2.734375E-4;28,4.6875E-4;29,1.953125E-4;30,1.953125E-4;31,1.5625E-4;32,1.5625E-4;33,0.0;",
		"dropsList": [
			{
				"itemStack": "biomesoplenty:gem:2",
				"fortunes": {
					"0": 1.0,
					"1": 1.326,
					"2": 1.7438,
					"3": 2.1866
				}
			}
		],
		"silktouch": true,
		"dim": "Overworld"
	},
	{
		"block": "minecraft:diamond_ore:0",
		"distrib": "0,0.0;1,2.34375E-4;2,7.03125E-4;3,6.25E-4;4,0.0010546875;5,6.25E-4;6,6.640625E-4;7,7.421875E-4;8,0.0012890626;9,0.0010546875;10,0.001015625;11,9.765625E-4;12,0.001484375;13,9.765625E-4;14,5.46875E-4;15,2.34375E-4;16,0.0;",
		"dropsList": [
			{
				"itemStack": "minecraft:diamond:0",
				"fortunes": {
					"0": 1.0,
					"1": 1.3293,
					"2": 1.7429,
					"3": 2.1956
				}
			}
		],
		"silktouch": true,
		"dim": "Overworld"
	},
	{
		"block": "biomesoplenty:flower_0:1",
		"distrib": "0,0.0;62,0.0;63,3.90625E-5;64,0.0;68,0.0;69,3.90625E-5;70,0.0;",
		"dropsList": [
			{
				"itemStack": "biomesoplenty:flower_0:1",
				"fortunes": {
					"0": 1.0,
					"1": 1.0,
					"2": 1.0,
					"3": 1.0
				}
			}
		],
		"silktouch": false,
		"dim": "Overworld"
	},
	{
		"block": "minecraft:planks:0",
		"distrib": "0,0.0;33,0.0;34,6.25E-4;35,2.734375E-4;36,0.0;37,1.5625E-4;39,1.5625E-4;40,4.296875E-4;41,0.0;42,5.46875E-4;43,0.0023828126;44,0.0023828126;45,0.0070703123;46,5.859375E-4;47,2.34375E-4;48,2.34375E-4;49,0.001171875;50,0.0;",
		"dropsList": [
			{
				"itemStack": "minecraft:planks:0",
				"fortunes": {
					"0": 1.0,
					"1": 1.0,
					"2": 1.0,
					"3": 1.0
				}
			}
		],
		"silktouch": true,
		"dim": "Overworld"
	},
	{
		"block": "immersiveengineering:ore:3",
		"distrib": "0,0.0;4,0.0;5,2.734375E-4;6,0.0014453125;7,0.0019140625;8,0.0029296875;9,0.0022265625;10,0.0015234374;11,0.0015625;12,0.0025;13,0.0019140625;14,0.001796875;15,0.002578125;16,0.002578125;17,0.002890625;18,0.0024609375;19,0.0029296875;20,0.002109375;21,0.0023828126;22,0.00234375;23,0.0016796875;24,0.00203125;25,0.0015234374;26,0.0028515626;27,0.0024609375;28,0.0017578125;29,0.00171875;30,0.00140625;31,0.001484375;32,0.0016015625;33,0.001875;34,0.0016796875;35,0.001640625;36,5.859375E-4;37,5.859375E-4;38,5.078125E-4;39,1.171875E-4;40,0.0;",
		"dropsList": [
			{
				"itemStack": "immersiveengineering:ore:3",
				"fortunes": {
					"0": 1.0,
					"1": 1.0,
					"2": 1.0,
					"3": 1.0
				}
			}
		],
		"silktouch": true,
		"dim": "Overworld"
	},
	{
		"block": "immersiveengineering:ore:2",
		"distrib": "0,0.0;4,0.0;5,1.171875E-4;6,7.8125E-4;7,0.001640625;8,0.0012109375;9,0.001015625;10,0.0012890626;11,0.0012890626;12,0.0014453125;13,0.00171875;14,0.0020703124;15,0.0015625;16,0.00140625;17,0.00234375;18,0.00171875;19,0.00125;20,0.001796875;21,0.0014453125;22,0.00109375;23,0.001328125;24,0.0013671875;25,0.0012109375;26,0.0014453125;27,0.0014453125;28,0.0019921875;29,0.0014453125;30,0.0019921875;31,0.001171875;32,0.002265625;33,0.0015234374;34,5.46875E-4;35,7.8125E-5;36,0.0;",
		"dropsList": [
			{
				"itemStack": "immersiveengineering:ore:2",
				"fortunes": {
					"0": 1.0,
					"1": 1.0,
					"2": 1.0,
					"3": 1.0
				}
			}
		],
		"silktouch": true,
		"dim": "Overworld"
	},
	{
		"block": "immersiveengineering:ore:5",
		"distrib": "0,0.0;5,0.0;6,1.5625E-4;7,3.90625E-5;8,1.171875E-4;9,4.296875E-4;10,3.515625E-4;11,2.34375E-4;12,2.34375E-4;13,0.0;14,1.5625E-4;15,2.34375E-4;16,2.734375E-4;17,4.6875E-4;18,7.8125E-5;19,5.078125E-4;20,0.0;21,4.6875E-4;22,2.734375E-4;23,0.0;",
		"dropsList": [
			{
				"itemStack": "immersiveengineering:ore:5",
				"fortunes": {
					"0": 1.0,
					"1": 1.0,
					"2": 1.0,
					"3": 1.0
				}
			}
		],
		"silktouch": true,
		"dim": "Overworld"
	},
	{
		"block": "immersiveengineering:ore:4",
		"distrib": "0,0.0;5,0.0;6,7.03125E-4;7,0.0018359375;8,0.0017578125;9,0.00140625;10,9.765625E-4;11,0.002109375;12,0.0014453125;13,0.0016796875;14,0.0011328125;15,0.001015625;16,0.001484375;17,0.001640625;18,0.0010546875;19,0.0019921875;20,0.00109375;21,0.00109375;22,8.984375E-4;23,3.125E-4;24,0.0;",
		"dropsList": [
			{
				"itemStack": "immersiveengineering:ore:4",
				"fortunes": {
					"0": 1.0,
					"1": 1.0,
					"2": 1.0,
					"3": 1.0
				}
			}
		],
		"silktouch": true,
		"dim": "Overworld"
	},
	{
		"block": "minecraft:clay:0",
		"distrib": "0,0.0;44,0.0;45,3.90625E-5;46,0.0;49,0.0;50,7.8125E-5;51,2.34375E-4;52,1.5625E-4;53,3.90625E-5;54,0.0;57,0.0;58,1.171875E-4;59,9.375E-4;60,5.859375E-4;61,0.001328125;62,0.0;",
		"dropsList": [
			{
				"itemStack": "minecraft:clay_ball:0",
				"fortunes": {
					"0": 4.0,
					"1": 4.0,
					"2": 4.0,
					"3": 4.0
				}
			}
		],
		"silktouch": true,
		"dim": "Overworld"
	},
	{
		"block": "immersiveengineering:ore:1",
		"distrib": "0,0.0;37,0.0;38,1.5625E-4;39,5.859375E-4;40,3.515625E-4;41,5.46875E-4;42,2.734375E-4;43,2.734375E-4;44,3.515625E-4;45,3.90625E-4;46,4.296875E-4;47,3.125E-4;48,5.078125E-4;49,3.125E-4;50,2.34375E-4;51,7.421875E-4;52,6.25E-4;53,6.640625E-4;54,4.6875E-4;55,3.125E-4;56,2.34375E-4;57,1.953125E-4;58,3.515625E-4;59,3.515625E-4;60,3.125E-4;61,1.171875E-4;62,7.8125E-5;63,0.0;74,0.0;75,1.5625E-4;76,0.0;77,0.0;78,1.5625E-4;79,7.8125E-5;80,0.0;",
		"dropsList": [
			{
				"itemStack": "immersiveengineering:ore:1",
				"fortunes": {
					"0": 1.0,
					"1": 1.0,
					"2": 1.0,
					"3": 1.0
				}
			}
		],
		"silktouch": true,
		"dim": "Overworld"
	},
	{
		"block": "immersiveengineering:ore:0",
		"distrib": "0,0.0;36,0.0;37,7.8125E-5;38,0.0011328125;39,0.003671875;40,0.0036328125;41,0.0023828126;42,0.0026171876;43,0.0034765624;44,0.0026171876;45,0.00234375;46,0.0023828126;47,0.002578125;48,0.0024609375;49,0.00265625;50,0.0023828126;51,0.001875;52,0.0022265625;53,0.00125;54,0.0014453125;55,0.001796875;56,0.001953125;57,0.001640625;58,0.0019140625;59,0.0022265625;60,0.0016796875;61,9.375E-4;62,7.8125E-4;63,5.859375E-4;64,0.0;65,1.5625E-4;66,3.515625E-4;67,3.125E-4;68,1.953125E-4;69,1.5625E-4;70,0.0;",
		"dropsList": [
			{
				"itemStack": "immersiveengineering:ore:0",
				"fortunes": {
					"0": 1.0,
					"1": 1.0,
					"2": 1.0,
					"3": 1.0
				}
			}
		],
		"silktouch": true,
		"dim": "Overworld"
	},
	{
		"block": "minecraft:torch:0",
		"distrib": "0,0.0;33,0.0;34,3.90625E-5;35,0.0;44,0.0;45,3.90625E-5;46,0.0;48,0.0;49,3.90625E-5;50,0.0;",
		"dropsList": [
			{
				"itemStack": "minecraft:torch:0",
				"fortunes": {
					"0": 1.0,
					"1": 1.0,
					"2": 1.0,
					"3": 1.0
				}
			}
		],
		"silktouch": false,
		"dim": "Overworld"
	},
	{
		"block": "minecraft:coal_ore:0",
		"distrib": "0,0.0;1,0.0020703124;2,0.0048046876;3,0.00671875;4,0.009296875;5,0.012851562;6,0.015117187;7,0.014140625;8,0.013164062;9,0.013242188;10,0.011054687;11,0.010273438;12,0.009804687;13,0.010507813;14,0.013632813;15,0.012421875;16,0.009648438;17,0.00984375;18,0.010898437;19,0.011367188;20,0.013164062;21,0.012734375;22,0.0126953125;23,0.012304688;24,0.01234375;25,0.012734375;26,0.010273438;27,0.011289063;28,0.011875;29,0.013710937;30,0.013671875;31,0.012851562;32,0.012734375;33,0.01125;34,0.012226563;35,0.012382813;36,0.007734375;37,0.006640625;38,0.009101562;39,0.010390625;40,0.008476563;41,0.0068359375;42,0.0068359375;43,0.0075;44,0.0069921874;45,0.0077734375;46,0.009140625;47,0.010664063;48,0.00625;49,0.00375;50,0.0041015623;51,0.00453125;52,0.0046875;53,0.0067578126;54,0.00703125;55,0.0041015623;56,0.00265625;57,0.00265625;58,0.0043359376;59,0.0062890626;60,0.004765625;61,0.00140625;62,0.0014453125;63,0.0010546875;64,1.171875E-4;65,0.0;66,3.90625E-4;67,3.90625E-4;68,0.0;70,0.0;71,7.8125E-5;72,2.734375E-4;73,1.5625E-4;74,1.5625E-4;75,3.125E-4;76,1.5625E-4;77,0.0;",
		"dropsList": [
			{
				"itemStack": "minecraft:coal:0",
				"fortunes": {
					"0": 1.0,
					"1": 1.3318,
					"2": 1.7555,
					"3": 2.1997
				}
			}
		],
		"silktouch": true,
		"dim": "Overworld"
	},
	{
		"block": "minecraft:grass:0",
		"distrib": "0,0.0;61,0.0;62,0.0115625;63,0.004453125;64,3.90625E-5;65,0.0;72,0.0;73,3.90625E-5;74,1.171875E-4;75,7.8125E-5;76,3.90625E-5;77,3.90625E-5;78,0.0;",
		"dropsList": [
			{
				"itemStack": "minecraft:dirt:0",
				"fortunes": {
					"0": 1.0,
					"1": 1.0,
					"2": 1.0,
					"3": 1.0
				}
			}
		],
		"silktouch": true,
		"dim": "Overworld"
	},
	{
		"block": "biomesoplenty:grass:4",
		"distrib": "0,0.0;61,0.0;62,0.035664063;63,0.061054688;64,0.0;",
		"dropsList": [
			{
				"itemStack": "biomesoplenty:dirt:2",
				"fortunes": {
					"0": 1.0,
					"1": 1.0,
					"2": 1.0,
					"3": 1.0
				}
			}
		],
		"silktouch": true,
		"dim": "Overworld"
	},
	{
		"block": "minecraft:red_sandstone:0",
		"distrib": "0,0.0;57,0.0;58,3.90625E-5;59,3.90625E-5;60,0.013203125;61,0.026445312;62,0.040351562;63,0.051523436;64,0.0;",
		"dropsList": [
			{
				"itemStack": "minecraft:red_sandstone:0",
				"fortunes": {
					"0": 1.0,
					"1": 1.0,
					"2": 1.0,
					"3": 1.0
				}
			}
		],
		"silktouch": true,
		"dim": "Overworld"
	},
	{
		"block": "minecraft:lava:0",
		"distrib": "0,0.0;1,0.0;2,0.00578125;3,0.013789062;4,0.01828125;5,0.02546875;6,0.025664063;7,0.024492187;8,0.027421875;9,0.034960937;10,0.036640625;11,0.0;19,0.0;20,3.90625E-5;21,0.0;28,0.0;29,3.90625E-5;30,0.0;38,0.0;39,3.90625E-5;40,3.515625E-4;41,0.0021484375;42,0.0;51,0.0;52,2.734375E-4;53,4.6875E-4;54,0.0;",
		"silktouch": false,
		"dim": "Overworld"
	},
	{
		"block": "minecraft:stone:5",
		"distrib": "0,0.0;1,0.008320313;2,0.018359374;3,0.0271875;4,0.037265625;5,0.040390626;6,0.037109375;7,0.04515625;8,0.051523436;9,0.056132812;10,0.0478125;11,0.040859375;12,0.03828125;13,0.040078126;14,0.045859374;15,0.044296876;16,0.0409375;17,0.031132812;18,0.03652344;19,0.042070314;20,0.04890625;21,0.04910156;22,0.04074219;23,0.042421874;24,0.041953124;25,0.04941406;26,0.054335937;27,0.05285156;28,0.05515625;29,0.049179688;30,0.04625;31,0.041835938;32,0.03652344;33,0.035273436;34,0.031992186;35,0.029453125;36,0.029804688;37,0.027578125;38,0.02921875;39,0.029023437;40,0.022773437;41,0.017734375;42,0.019335937;43,0.018085938;44,0.023515625;45,0.026796876;46,0.029921874;47,0.029296875;48,0.025429688;49,0.02890625;50,0.030429687;51,0.0284375;52,0.024179688;53,0.021289062;54,0.022890626;55,0.022773437;56,0.020898437;57,0.022148438;58,0.018554688;59,0.0153125;60,0.00890625;61,0.005234375;62,0.0035546876;63,0.0025390624;64,0.001640625;65,0.0017578125;66,0.0013671875;67,5.859375E-4;68,2.34375E-4;69,0.0011328125;70,0.0014453125;71,0.0011328125;72,3.515625E-4;73,0.0012109375;74,0.0016796875;75,0.0012109375;76,7.421875E-4;77,1.171875E-4;78,0.0;",
		"dropsList": [
			{
				"itemStack": "minecraft:stone:5",
				"fortunes": {
					"0": 1.0,
					"1": 1.0,
					"2": 1.0,
					"3": 1.0
				}
			}
		],
		"silktouch": true,
		"dim": "Overworld"
	},
	{
		"block": "biomesoplenty:grass:2",
		"distrib": "0,0.0;61,0.0;62,3.90625E-4;63,5.859375E-4;64,3.90625E-4;65,4.6875E-4;66,5.078125E-4;67,4.296875E-4;68,5.078125E-4;69,5.46875E-4;70,4.6875E-4;71,5.078125E-4;72,5.46875E-4;73,4.296875E-4;74,8.59375E-4;75,5.859375E-4;76,8.984375E-4;77,8.984375E-4;78,0.00109375;79,0.0010546875;80,0.0;",
		"dropsList": [
			{
				"itemStack": "biomesoplenty:dirt:0",
				"fortunes": {
					"0": 1.0,
					"1": 1.0,
					"2": 1.0,
					"3": 1.0
				}
			}
		],
		"silktouch": true,
		"dim": "Overworld"
	},
	{
		"block": "minecraft:tallgrass:1",
		"distrib": "0,0.0;60,0.0;61,3.90625E-5;62,0.0;63,0.0044140625;64,0.0;65,3.90625E-5;66,0.0;71,0.0;72,3.90625E-5;73,0.0;75,0.0;76,3.90625E-5;77,0.0;78,3.90625E-5;79,7.8125E-5;80,0.0;",
		"dropsList": [
			{
				"itemStack": "immersiveengineering:seed:0",
				"fortunes": {
					"0": 0.0412,
					"1": 0.0414,
					"2": 0.0401,
					"3": 0.0415
				}
			},
			{
				"itemStack": "minecraft:wheat_seeds:0",
				"fortunes": {
					"0": 0.0811,
					"1": 0.1758,
					"2": 0.2397,
					"3": 0.3536
				}
			}
		],
		"silktouch": false,
		"dim": "Overworld"
	},
	{
		"block": "minecraft:stone:3",
		"distrib": "0,0.0;1,0.009921875;2,0.01875;3,0.02828125;4,0.0340625;5,0.043671876;6,0.042539064;7,0.0446875;8,0.047773436;9,0.049140625;10,0.047304686;11,0.04578125;12,0.050078124;13,0.049296875;14,0.047773436;15,0.047109377;16,0.04464844;17,0.042109374;18,0.039414063;19,0.038867187;20,0.03765625;21,0.03769531;22,0.04160156;23,0.043828126;24,0.04703125;25,0.0515625;26,0.054101564;27,0.051054686;28,0.03890625;29,0.036757812;30,0.03953125;31,0.045859374;32,0.05015625;33,0.043125;34,0.0384375;35,0.03203125;36,0.031875;37,0.03621094;38,0.032070313;39,0.025664063;40,0.021640625;41,0.019882813;42,0.021484375;43,0.025664063;44,0.02984375;45,0.02875;46,0.025234375;47,0.019570313;48,0.014335938;49,0.014765625;50,0.015507813;51,0.014375;52,0.015625;53,0.02015625;54,0.020820312;55,0.018945312;56,0.017539062;57,0.016015625;58,0.014375;59,0.012734375;60,0.01078125;61,0.008085937;62,0.0035546876;63,0.0010546875;64,9.765625E-4;65,0.001796875;66,0.001875;67,0.0016796875;68,0.0011328125;69,8.984375E-4;70,0.0015625;71,0.0013671875;72,0.0011328125;73,2.34375E-4;74,1.953125E-4;75,3.125E-4;76,2.34375E-4;77,1.5625E-4;78,0.0;",
		"dropsList": [
			{
				"itemStack": "minecraft:stone:3",
				"fortunes": {
					"0": 1.0,
					"1": 1.0,
					"2": 1.0,
					"3": 1.0
				}
			}
		],
		"silktouch": true,
		"dim": "Overworld"
	},
	{
		"block": "minecraft:rail:0",
		"distrib": "0,0.0;37,0.0;38,4.296875E-4;39,0.0;40,0.0;41,3.90625E-4;42,3.90625E-4;43,0.002265625;44,4.6875E-4;45,0.0;46,0.0;47,5.859375E-4;48,0.0;",
		"dropsList": [
			{
				"itemStack": "minecraft:rail:0",
				"fortunes": {
					"0": 1.0,
					"1": 1.0,
					"2": 1.0,
					"3": 1.0
				}
			}
		],
		"silktouch": false,
		"dim": "Overworld"
	},
	{
		"block": "minecraft:flowing_water:1",
		"distrib": "0,0.0;11,0.0;12,3.90625E-5;13,0.0;14,3.90625E-5;15,0.0;17,0.0;18,3.90625E-5;19,0.0;23,0.0;24,3.90625E-5;25,3.90625E-5;26,0.0;27,0.0;28,3.90625E-5;29,0.0;30,3.90625E-5;31,0.0;32,3.90625E-5;33,0.0;40,0.0;41,3.90625E-5;42,0.0;43,3.90625E-5;44,0.0;",
		"silktouch": false,
		"dim": "Overworld"
	},
	{
		"block": "biomesoplenty:plant_0:9",
		"distrib": "0,0.0;74,0.0;75,3.90625E-5;76,3.90625E-5;77,0.0;",
		"dropsList": [
			{
				"itemStack": "biomesoplenty:turnip_seeds:0",
				"fortunes": {
					"0": 0.0164,
					"1": 0.0147,
					"2": 0.0165,
					"3": 0.0181
				}
			}
		],
		"silktouch": false,
		"dim": "Overworld"
	},
	{
		"block": "biomesoplenty:log_3:4",
		"distrib": "0,0.0;62,0.0;63,7.8125E-5;64,0.0;",
		"dropsList": [
			{
				"itemStack": "biomesoplenty:log_3:4",
				"fortunes": {
					"0": 1.0,
					"1": 1.0,
					"2": 1.0,
					"3": 1.0
				}
			}
		],
		"silktouch": true,
		"dim": "Overworld"
	},
	{
		"block": "biomesoplenty:plant_0:8",
		"distrib": "0,0.0;76,0.0;77,3.90625E-5;78,0.0;79,7.8125E-5;80,0.0;",
		"dropsList": [
			{
				"itemStack": "immersiveengineering:seed:0",
				"fortunes": {
					"0": 0.0431,
					"1": 0.041,
					"2": 0.0446,
					"3": 0.0416
				}
			},
			{
				"itemStack": "minecraft:wheat_seeds:0",
				"fortunes": {
					"0": 0.0817,
					"1": 0.1678,
					"2": 0.2438,
					"3": 0.3576
				}
			}
		],
		"silktouch": false,
		"dim": "Overworld"
	},
	{
		"block": "biomesoplenty:plant_0:7",
		"distrib": "0,0.0;62,0.0;63,0.0020703124;64,0.0;",
		"dropsList": [
			{
				"itemStack": "immersiveengineering:seed:0",
				"fortunes": {
					"0": 0.04,
					"1": 0.0415,
					"2": 0.0447,
					"3": 0.0398
				}
			},
			{
				"itemStack": "minecraft:wheat_seeds:0",
				"fortunes": {
					"0": 0.082,
					"1": 0.1682,
					"2": 0.2355,
					"3": 0.3352
				}
			}
		],
		"silktouch": false,
		"dim": "Overworld"
	},
	{
		"block": "minecraft:stone:0",
		"distrib": "0,0.0;1,0.15382813;2,0.31171876;3,0.46246094;4,0.6153125;5,0.77394533;6,0.7833203;7,0.77453125;8,0.75753903;9,0.7425;10,0.74640626;11,0.7535156;12,0.7542578;13,0.7517578;14,0.7483594;15,0.75566405;16,0.76527345;17,0.7734375;18,0.7745703;19,0.78085935;20,0.78617185;21,0.78621095;22,0.78941405;23,0.77671874;24,0.76941407;25,0.75066406;26,0.7522266;27,0.74828124;28,0.74035156;29,0.7366016;30,0.7058203;31,0.6662891;32,0.63359374;33,0.60871094;34,0.57808596;35,0.55445313;36,0.5365625;37,0.51097655;38,0.48816407;39,0.46683595;40,0.46058595;41,0.4498828;42,0.42578125;43,0.38023436;44,0.37453124;45,0.3783203;46,0.39324218;47,0.38628906;48,0.28628907;49,0.28714845;50,0.28976563;51,0.2944531;52,0.2909375;53,0.2821875;54,0.27597657;55,0.27945313;56,0.28230467;57,0.2726953;58,0.26234376;59,0.24949218;60,0.20144531;61,0.14851563;62,0.08597656;63,0.068789065;64,0.021601563;65,0.020234374;66,0.01890625;67,0.019726563;68,0.020507812;69,0.019765625;70,0.018828126;71,0.018476563;72,0.018007813;73,0.016679687;74,0.015390625;75,0.013867187;76,0.012226563;77,0.012070312;78,0.012265625;79,0.012929687;80,0.0;",
		"dropsList": [
			{
				"itemStack": "minecraft:cobblestone:0",
				"fortunes": {
					"0": 1.0,
					"1": 1.0,
					"2": 1.0,
					"3": 1.0
				}
			}
		],
		"silktouch": true,
		"dim": "Overworld"
	},
	{
		"block": "minecraft:gold_ore:0",
		"distrib": "0,0.0;1,5.859375E-4;2,4.296875E-4;3,9.765625E-4;4,0.0011328125;5,8.203125E-4;6,0.001171875;7,0.001875;8,0.00171875;9,0.001484375;10,8.59375E-4;11,0.0011328125;12,0.001484375;13,0.00140625;14,0.0017578125;15,0.0015234374;16,0.00171875;17,0.00203125;18,0.0017578125;19,8.984375E-4;20,0.001171875;21,0.00125;22,0.0010546875;23,0.001953125;24,0.001484375;25,0.0021875;26,0.0025390624;27,0.0015234374;28,0.001796875;29,0.00109375;30,7.03125E-4;31,3.90625E-5;32,0.0;",
		"dropsList": [
			{
				"itemStack": "minecraft:gold_ore:0",
				"fortunes": {
					"0": 1.0,
					"1": 1.0,
					"2": 1.0,
					"3": 1.0
				}
			}
		],
		"silktouch": true,
		"dim": "Overworld"
	},
	{
		"block": "biomesoplenty:coral:4",
		"distrib": "0,0.0;55,0.0;56,3.90625E-5;57,3.90625E-5;58,0.0;",
		"dropsList": [
			{
				"itemStack": "biomesoplenty:coral:4",
				"fortunes": {
					"0": 1.0,
					"1": 1.0,
					"2": 1.0,
					"3": 1.0
				}
			}
		],
		"silktouch": false,
		"dim": "Overworld"
	},
	{
		"block": "minecraft:stone:1",
		"distrib": "0,0.0;1,0.010859375;2,0.022539062;3,0.033515625;4,0.0453125;5,0.05328125;6,0.044140626;7,0.039882813;8,0.039960936;9,0.043554686;10,0.048515625;11,0.04925781;12,0.046210937;13,0.04417969;14,0.046171874;15,0.046914063;16,0.051445313;17,0.058515623;18,0.0559375;19,0.0459375;20,0.040703125;21,0.042070314;22,0.04449219;23,0.049335938;24,0.0528125;25,0.051210936;26,0.046015624;27,0.044257812;28,0.042265624;29,0.04171875;30,0.035;31,0.032382812;32,0.03328125;33,0.0346875;34,0.034453124;35,0.03890625;36,0.038359374;37,0.035273436;38,0.028203124;39,0.026523437;40,0.02640625;41,0.028984375;42,0.0325;43,0.031601563;44,0.028671876;45,0.021914063;46,0.023828125;47,0.022421874;48,0.012421875;49,0.009257812;50,0.008515625;51,0.009570313;52,0.009296875;53,0.013710937;54,0.014609375;55,0.013125;56,0.011445313;57,0.010429688;58,0.013710937;59,0.013671875;60,0.007578125;61,0.00484375;62,0.0034765624;63,0.00296875;64,8.203125E-4;65,5.078125E-4;66,7.8125E-4;67,8.59375E-4;68,9.375E-4;69,7.421875E-4;70,0.0;71,1.171875E-4;72,3.125E-4;73,2.734375E-4;74,3.90625E-5;75,0.0;",
		"dropsList": [
			{
				"itemStack": "minecraft:stone:1",
				"fortunes": {
					"0": 1.0,
					"1": 1.0,
					"2": 1.0,
					"3": 1.0
				}
			}
		],
		"silktouch": true,
		"dim": "Overworld"
	},
	{
		"block": "biomesoplenty:hard_ice:0",
		"distrib": "0,0.0;58,0.0;59,3.90625E-5;60,1.953125E-4;61,2.734375E-4;62,7.8125E-4;63,8.984375E-4;64,0.0;",
		"dropsList": [
			{
				"itemStack": "biomesoplenty:hard_ice:0",
				"fortunes": {
					"0": 1.0,
					"1": 1.0,
					"2": 1.0,
					"3": 1.0
				}
			}
		],
		"silktouch": true,
		"dim": "Overworld"
	},
	{
		"block": "minecraft:flowing_lava:2",
		"distrib": "0,0.0;19,0.0;20,3.90625E-5;21,0.0;28,0.0;29,3.90625E-5;30,0.0;38,0.0;39,3.90625E-5;40,0.0;",
		"silktouch": false,
		"dim": "Overworld"
	},
	{
		"block": "minecraft:redstone_ore:0",
		"distrib": "0,0.0;1,0.0015625;2,0.00359375;3,0.006171875;4,0.0076953126;5,0.00984375;6,0.009492188;7,0.009648438;8,0.009375;9,0.008671875;10,0.008828125;11,0.009726563;12,0.010585938;13,0.010703125;14,0.004453125;15,0.00109375;16,0.0;",
		"dropsList": [
			{
				"itemStack": "minecraft:redstone:0",
				"fortunes": {
					"0": 4.501,
					"1": 4.9975,
					"2": 5.5161,
					"3": 5.9796
				}
			}
		],
		"silktouch": true,
		"dim": "Overworld"
	},
	{
		"block": "minecraft:dirt:0",
		"distrib": "0,0.0;1,0.004296875;2,0.0062890626;3,0.0096875;4,0.011328125;5,0.015859375;6,0.0175;7,0.019179687;8,0.022226563;9,0.023515625;10,0.027226562;11,0.025078125;12,0.022265624;13,0.018046875;14,0.0159375;15,0.014375;16,0.0146875;17,0.01640625;18,0.017382812;19,0.01515625;20,0.014296875;21,0.011523438;22,0.010585938;23,0.015703125;24,0.017578125;25,0.018671876;26,0.016367188;27,0.013320313;28,0.013085937;29,0.0109375;30,0.011328125;31,0.012070312;32,0.013085937;33,0.014882812;34,0.014765625;35,0.013359375;36,0.01140625;37,0.013320313;38,0.012421875;39,0.008984375;40,0.010585938;41,0.004453125;42,0.0056640627;43,0.0066015627;44,0.009726563;45,0.0084375;46,0.008125;47,0.006953125;48,0.005390625;49,0.008867187;50,0.00921875;51,0.0090625;52,0.01109375;53,0.010546875;54,0.011015625;55,0.012539063;56,0.013867187;57,0.020273438;58,0.023867188;59,0.02671875;60,0.032148436;61,0.026640626;62,0.0096875;63,0.0037109375;64,0.0;65,1.5625E-4;66,2.734375E-4;67,2.34375E-4;68,3.90625E-5;69,0.0;70,3.90625E-5;71,1.5625E-4;72,2.34375E-4;73,2.34375E-4;74,1.5625E-4;75,7.8125E-5;76,3.90625E-5;77,0.0;78,2.734375E-4;79,3.90625E-4;80,0.0;",
		"dropsList": [
			{
				"itemStack": "minecraft:dirt:0",
				"fortunes": {
					"0": 1.0,
					"1": 1.0,
					"2": 1.0,
					"3": 1.0
				}
			}
		],
		"silktouch": true,
		"dim": "Overworld"
	},
	{
		"block": "minecraft:web:0",
		"distrib": "0,0.0;33,0.0;34,7.8125E-5;35,1.171875E-4;36,0.0;39,0.0;40,7.8125E-5;41,0.0;42,0.0;43,1.5625E-4;44,3.90625E-5;45,7.8125E-4;46,1.171875E-4;47,0.0;48,7.8125E-5;49,1.953125E-4;50,1.5625E-4;51,0.0;",
		"dropsList": [
			{
				"itemStack": "minecraft:string:0",
				"fortunes": {
					"0": 1.0,
					"1": 1.0,
					"2": 1.0,
					"3": 1.0
				}
			}
		],
		"silktouch": true,
		"dim": "Overworld"
	},
	{
		"block": "biomesoplenty:dirt:2",
		"distrib": "0,0.0;55,0.0;56,2.34375E-4;57,0.00140625;58,0.002109375;59,0.00921875;60,0.04113281;61,0.087382816;62,0.09449219;63,0.03769531;64,0.0;",
		"dropsList": [
			{
				"itemStack": "biomesoplenty:dirt:2",
				"fortunes": {
					"0": 1.0,
					"1": 1.0,
					"2": 1.0,
					"3": 1.0
				}
			}
		],
		"silktouch": true,
		"dim": "Overworld"
	},
	{
		"block": "randomthings:beanSprout:0",
		"distrib": "0,0.0;62,0.0;63,3.90625E-5;64,0.0;",
		"dropsList": [
			{
				"itemStack": "randomthings:beans:0",
				"fortunes": {
					"0": 1.0,
					"1": 1.0,
					"2": 1.0,
					"3": 1.0
				}
			}
		],
		"silktouch": false,
		"dim": "Overworld"
	},
	{
		"block": "biomesoplenty:dirt:0",
		"distrib": "0,0.0;45,0.0;46,3.90625E-5;47,2.34375E-4;48,5.078125E-4;49,8.59375E-4;50,0.0012109375;51,0.0012109375;52,0.0013671875;53,0.0015234374;54,0.001796875;55,0.001796875;56,0.0016015625;57,0.00171875;58,0.0012890626;59,0.00140625;60,0.001796875;61,0.002578125;62,0.0025;63,0.0026953125;64,0.0015625;65,0.0016015625;66,0.0016796875;67,0.001640625;68,0.001796875;69,0.00171875;70,0.001796875;71,0.00203125;72,0.0021484375;73,0.0025390624;74,0.002578125;75,0.0029296875;76,0.003203125;77,0.003359375;78,0.003125;79,0.00328125;80,0.0;",
		"dropsList": [
			{
				"itemStack": "biomesoplenty:dirt:0",
				"fortunes": {
					"0": 1.0,
					"1": 1.0,
					"2": 1.0,
					"3": 1.0
				}
			}
		],
		"silktouch": true,
		"dim": "Overworld"
	},
	{
		"block": "biomesoplenty:flower_1:0",
		"distrib": "0,0.0;61,0.0;62,3.515625E-4;63,0.024101563;64,0.0;",
		"dropsList": [
			{
				"itemStack": "biomesoplenty:flower_1:0",
				"fortunes": {
					"0": 1.0,
					"1": 1.0,
					"2": 1.0,
					"3": 1.0
				}
			}
		],
		"silktouch": false,
		"dim": "Overworld"
	},
	{
		"block": "biomesoplenty:stone_formations:0",
		"distrib": "0,0.0;10,0.0;11,9.375E-4;12,7.03125E-4;13,0.001171875;14,0.0012109375;15,7.421875E-4;17,7.421875E-4;18,5.859375E-4;19,5.078125E-4;20,8.203125E-4;21,8.984375E-4;22,9.375E-4;23,6.25E-4;24,5.078125E-4;25,3.90625E-4;26,4.296875E-4;27,4.6875E-4;28,5.078125E-4;29,3.90625E-4;30,4.6875E-4;31,4.296875E-4;32,3.125E-4;33,2.734375E-4;34,3.515625E-4;35,3.125E-4;36,1.171875E-4;37,0.0;38,2.34375E-4;39,5.859375E-4;40,7.8125E-4;41,6.25E-4;42,8.59375E-4;43,0.001953125;44,0.00203125;45,0.0016796875;46,0.0010546875;47,0.0015625;48,0.001015625;49,5.078125E-4;50,2.734375E-4;51,1.5625E-4;52,1.171875E-4;53,1.171875E-4;54,2.734375E-4;55,2.734375E-4;56,1.953125E-4;57,1.171875E-4;58,3.90625E-5;59,0.0;",
		"silktouch": false,
		"dim": "Overworld"
	},
	{
		"block": "biomesoplenty:flower_1:3",
		"distrib": "0,0.0;42,0.0;43,1.5625E-4;44,0.0;",
		"dropsList": [
			{
				"itemStack": "biomesoplenty:flower_1:3",
				"fortunes": {
					"0": 1.0,
					"1": 1.0,
					"2": 1.0,
					"3": 1.0
				}
			}
		],
		"silktouch": false,
		"dim": "Overworld"
	},
	{
		"block": "minecraft:brown_mushroom:0",
		"distrib": "0,0.0;39,0.0;40,3.90625E-5;41,3.90625E-5;42,0.0;54,0.0;55,3.90625E-5;57,3.90625E-5;58,0.0;",
		"dropsList": [
			{
				"itemStack": "minecraft:brown_mushroom:0",
				"fortunes": {
					"0": 1.0,
					"1": 1.0,
					"2": 1.0,
					"3": 1.0
				}
			}
		],
		"silktouch": false,
		"dim": "Overworld"
	}
]