[
	{
		"block": "minecraft:coal_ore:0",
		"distrib": "0,0.0;1,0.00328125;2,0.006875;3,0.00765625;4,0.012578125;5,0.0134375;6,0.011328125;7,0.009375;8,0.007578125;9,0.006796875;10,0.00953125;11,0.0121875;12,0.012890625;13,0.0103125;14,0.013984375;15,0.0159375;16,0.015703125;17,0.013828125;18,0.015078125;19,0.016953126;20,0.017734375;21,0.0165625;22,0.011640625;23,0.00859375;24,0.008046875;25,0.013984375;26,0.01890625;27,0.012734375;28,0.00984375;29,0.008828125;30,0.015078125;31,0.015234375;32,0.00875;33,0.01046875;34,0.014140625;35,0.01328125;36,0.01203125;37,0.009296875;38,0.0090625;39,0.01734375;40,0.01859375;41,0.012421875;42,0.00875;43,0.011328125;44,0.010546875;45,0.010625;46,0.0103125;47,0.005703125;48,0.00375;49,0.00390625;50,0.006015625;51,0.008203125;52,0.005703125;53,0.00390625;54,0.003203125;55,0.005234375;56,0.004609375;57,0.002265625;58,0.001171875;59,4.6875E-4;60,0.00109375;61,4.6875E-4;62,3.125E-4;63,0.0;",
		"dropsList": [
			{
				"itemStack": "minecraft:coal:0",
				"fortunes": {
					"0": 1.0,
					"1": 1.3262,
					"2": 1.7525,
					"3": 2.2041
				}
			}
		],
		"silktouch": true,
		"dim": "Overworld"
	},
	{
		"block": "minecraft:grass:0",
		"distrib": "0,0.0;61,0.0;62,0.018125;63,0.016484374;64,0.0;",
		"dropsList": [
			{
				"itemStack": "minecraft:dirt:0",
				"fortunes": {
					"0": 1.0,
					"1": 1.0,
					"2": 1.0,
					"3": 1.0
				}
			}
		],
		"silktouch": true,
		"dim": "Overworld"
	},
	{
		"block": "biomesoplenty:mushroom:3",
		"distrib": "0,0.0;10,0.0;11,1.5625E-4;12,0.0;13,1.5625E-4;14,0.0;15,7.8125E-5;16,7.8125E-5;17,2.34375E-4;18,0.0;19,0.0;20,1.5625E-4;21,0.0;24,0.0;25,7.8125E-5;26,0.0;27,2.34375E-4;28,0.0;29,2.34375E-4;30,7.8125E-5;31,0.0;33,0.0;34,7.8125E-5;35,0.0;",
		"dropsList": [
			{
				"itemStack": "biomesoplenty:mushroom:3",
				"fortunes": {
					"0": 1.0,
					"1": 1.0,
					"2": 1.0,
					"3": 1.0
				}
			}
		],
		"silktouch": false,
		"dim": "Overworld"
	},
	{
		"block": "minecraft:stone:5",
		"distrib": "0,0.0;1,0.01109375;2,0.02421875;3,0.0328125;4,0.035703126;5,0.0415625;6,0.038671874;7,0.035859376;8,0.0284375;9,0.030625;10,0.041015625;11,0.046796873;12,0.047265626;13,0.044375;14,0.04765625;15,0.050078124;16,0.04984375;17,0.0509375;18,0.043125;19,0.039453126;20,0.040546875;21,0.0403125;22,0.0409375;23,0.04171875;24,0.041484375;25,0.04640625;26,0.0484375;27,0.044375;28,0.052265625;29,0.0571875;30,0.057421874;31,0.0509375;32,0.045234375;33,0.04828125;34,0.051640626;35,0.058359373;36,0.060703125;37,0.049140625;38,0.04140625;39,0.029375;40,0.02703125;41,0.031796876;42,0.034609374;43,0.037734374;44,0.03921875;45,0.040859375;46,0.045625;47,0.0425;48,0.01796875;49,0.016796876;50,0.0140625;51,0.00953125;52,0.00796875;53,0.008984375;54,0.009453125;55,0.00859375;56,0.006953125;57,0.005078125;58,0.007265625;59,0.007265625;60,0.00515625;61,0.00234375;62,0.00109375;63,3.90625E-4;64,0.0;",
		"dropsList": [
			{
				"itemStack": "minecraft:stone:5",
				"fortunes": {
					"0": 1.0,
					"1": 1.0,
					"2": 1.0,
					"3": 1.0
				}
			}
		],
		"silktouch": true,
		"dim": "Overworld"
	},
	{
		"block": "minecraft:lava:0",
		"distrib": "0,0.0;1,0.0;2,0.010546875;3,0.014453125;4,0.037109375;5,0.0540625;6,0.05703125;7,0.06;8,0.06296875;9,0.06171875;10,0.0584375;11,0.0;16,0.0;17,7.8125E-5;18,7.8125E-5;19,0.0;25,0.0;26,7.8125E-5;27,0.0;28,7.8125E-5;29,0.0;32,0.0;33,7.8125E-4;34,0.002265625;35,0.0;",
		"silktouch": false,
		"dim": "Overworld"
	},
	{
		"block": "minecraft:water:0",
		"distrib": "0,0.0;9,0.0;10,0.00203125;11,0.00484375;12,0.0;13,0.0;14,7.8125E-5;15,0.0;19,0.0;20,7.8125E-5;21,0.0;22,7.8125E-5;23,0.0;24,7.8125E-5;25,0.0;26,0.0;27,7.8125E-5;28,0.0;29,0.0;30,7.03125E-4;31,0.0021875;32,0.003828125;33,0.005625;34,0.011015625;35,0.01328125;36,0.0203125;37,0.0303125;38,0.044375;39,0.07046875;40,0.14976563;41,0.18375;42,0.21195312;43,0.23257813;44,0.25023437;45,0.2696875;46,0.28742188;47,0.303125;48,0.001484375;49,0.001875;50,0.00265625;51,0.00390625;52,0.007265625;53,0.013828125;54,0.015078125;55,0.022109374;56,0.051875;57,0.07140625;58,0.08828125;59,0.10859375;60,0.12898438;61,0.1571875;62,0.19234376;63,0.0;",
		"silktouch": false,
		"dim": "Overworld"
	},
	{
		"block": "minecraft:tallgrass:1",
		"distrib": "0,0.0;62,0.0;63,0.0034375;64,0.0;",
		"dropsList": [
			{
				"itemStack": "minecraft:wheat_seeds:0",
				"fortunes": {
					"0": 0.1228,
					"1": 0.2486,
					"2": 0.3707,
					"3": 0.5294
				}
			}
		],
		"silktouch": false,
		"dim": "Overworld"
	},
	{
		"block": "minecraft:stone:3",
		"distrib": "0,0.0;1,0.007890625;2,0.015859375;3,0.024609376;4,0.03328125;5,0.038828123;6,0.03375;7,0.03;8,0.0265625;9,0.025625;10,0.0296875;11,0.040390626;12,0.047890626;13,0.04984375;14,0.050234374;15,0.03734375;16,0.03515625;17,0.031796876;18,0.040625;19,0.04796875;20,0.0459375;21,0.0459375;22,0.050078124;23,0.045078125;24,0.038125;25,0.035546876;26,0.036796875;27,0.041484375;28,0.044921875;29,0.05015625;30,0.05515625;31,0.05578125;32,0.058828127;33,0.05859375;34,0.06078125;35,0.05640625;36,0.0525;37,0.041484375;38,0.03921875;39,0.045078125;40,0.045546874;41,0.038671874;42,0.03390625;43,0.030390626;44,0.038046874;45,0.04;46,0.04078125;47,0.039375;48,0.017734375;49,0.01875;50,0.01765625;51,0.020703126;52,0.02703125;53,0.026328124;54,0.022265624;55,0.01453125;56,0.00734375;57,0.00703125;58,0.00703125;59,0.005546875;60,0.00390625;61,0.001875;62,0.0;",
		"dropsList": [
			{
				"itemStack": "minecraft:stone:3",
				"fortunes": {
					"0": 1.0,
					"1": 1.0,
					"2": 1.0,
					"3": 1.0
				}
			}
		],
		"silktouch": true,
		"dim": "Overworld"
	},
	{
		"block": "minecraft:rail:0",
		"distrib": "0,0.0;16,0.0;17,0.001015625;18,6.25E-4;19,0.0;",
		"dropsList": [
			{
				"itemStack": "minecraft:rail:0",
				"fortunes": {
					"0": 1.0,
					"1": 1.0,
					"2": 1.0,
					"3": 1.0
				}
			}
		],
		"silktouch": false,
		"dim": "Overworld"
	},
	{
		"block": "minecraft:bedrock:0",
		"distrib": "0,1.0;1,0.79609376;2,0.59367186;3,0.40257812;4,0.19734375;5,0.0;",
		"silktouch": true,
		"dim": "Overworld"
	},
	{
		"block": "minecraft:reeds:0",
		"distrib": "0,0.0;62,0.0;63,7.8125E-5;64,0.0;",
		"dropsList": [
			{
				"itemStack": "minecraft:reeds:0",
				"fortunes": {
					"0": 1.0,
					"1": 1.0,
					"2": 1.0,
					"3": 1.0
				}
			}
		],
		"silktouch": false,
		"dim": "Overworld"
	},
	{
		"block": "minecraft:iron_ore:0",
		"distrib": "0,0.0;1,0.002578125;2,0.005390625;3,0.007109375;4,0.006875;5,0.00796875;6,0.00984375;7,0.009609375;8,0.01078125;9,0.009140625;10,0.008828125;11,0.0065625;12,0.005234375;13,0.008125;14,0.008359375;15,0.00734375;16,0.007734375;17,0.010625;18,0.00734375;19,0.007421875;20,0.007734375;21,0.007890625;22,0.00734375;23,0.006953125;24,0.006328125;25,0.006875;26,0.00828125;27,0.007109375;28,0.006015625;29,0.00640625;30,0.008203125;31,0.00765625;32,0.008359375;33,0.01046875;34,0.01046875;35,0.00875;36,0.00796875;37,0.0115625;38,0.012109375;39,0.007890625;40,0.004765625;41,0.00359375;42,0.006171875;43,0.008203125;44,0.005546875;45,0.003671875;46,0.004375;47,0.00359375;48,0.002578125;49,0.003984375;50,0.002734375;51,0.003828125;52,0.003046875;53,0.003203125;54,0.002421875;55,0.00109375;56,0.0025;57,0.00125;58,0.00109375;59,0.0015625;60,6.25E-4;61,2.34375E-4;62,0.0;",
		"dropsList": [
			{
				"itemStack": "minecraft:iron_ore:0",
				"fortunes": {
					"0": 1.0,
					"1": 1.0,
					"2": 1.0,
					"3": 1.0
				}
			}
		],
		"silktouch": true,
		"dim": "Overworld"
	},
	{
		"block": "minecraft:lapis_ore:0",
		"distrib": "0,0.0;1,7.8125E-5;2,2.34375E-4;3,6.25E-4;4,2.34375E-4;5,6.25E-4;6,7.8125E-4;7,7.03125E-4;8,9.375E-4;9,8.59375E-4;10,1.5625E-4;11,7.03125E-4;12,0.001171875;13,8.59375E-4;14,9.375E-4;15,5.46875E-4;16,8.59375E-4;17,0.00125;18,0.001015625;19,6.25E-4;20,7.8125E-5;21,3.125E-4;22,3.125E-4;23,2.34375E-4;24,2.34375E-4;25,0.0;27,0.0;28,6.25E-4;29,0.0;",
		"dropsList": [
			{
				"itemStack": "minecraft:dye:4",
				"fortunes": {
					"0": 6.0346,
					"1": 7.9784,
					"2": 10.5864,
					"3": 13.1052
				}
			}
		],
		"silktouch": true,
		"dim": "Overworld"
	},
	{
		"block": "minecraft:flowing_water:1",
		"distrib": "0,0.0;13,0.0;14,7.8125E-5;15,0.0;19,0.0;20,7.8125E-5;21,0.0;22,7.8125E-5;23,0.0;24,7.8125E-5;25,0.0;26,0.0;27,7.8125E-5;28,0.0;36,0.0;37,7.8125E-5;38,0.0;",
		"silktouch": false,
		"dim": "Overworld"
	},
	{
		"block": "minecraft:sand:0",
		"distrib": "0,0.0;36,0.0;37,7.8125E-4;38,0.0015625;39,7.8125E-5;40,0.0;42,0.0;43,6.25E-4;44,6.25E-4;45,3.125E-4;46,6.25E-4;47,4.6875E-4;48,0.0;49,0.0;50,7.8125E-5;51,2.34375E-4;52,0.004453125;53,0.00875;54,0.0271875;55,0.0340625;56,0.025;57,0.026953125;58,0.035;59,0.0396875;60,0.064140625;61,0.076171875;62,0.07125;63,0.05296875;64,0.0;",
		"dropsList": [
			{
				"itemStack": "minecraft:sand:0",
				"fortunes": {
					"0": 1.0,
					"1": 1.0,
					"2": 1.0,
					"3": 1.0
				}
			}
		],
		"silktouch": true,
		"dim": "Overworld"
	},
	{
		"block": "minecraft:air:0",
		"distrib": "0,0.0;10,0.0;11,0.046875;12,0.04921875;13,0.048984375;14,0.048203126;15,0.05453125;16,0.0559375;17,0.051171876;18,0.0575;19,0.05390625;20,0.05296875;21,0.053359374;22,0.056640625;23,0.059921876;24,0.06257813;25,0.07304688;26,0.07015625;27,0.062421873;28,0.05453125;29,0.05015625;30,0.05453125;31,0.0465625;32,0.036171876;33,0.027421875;34,0.029140625;35,0.035;36,0.0340625;37,0.027109375;38,0.021484375;39,0.0175;40,0.01625;41,0.020703126;42,0.020078124;43,0.017265625;44,0.012734375;45,0.010078125;46,0.007890625;47,0.0065625;48,0.0059375;49,0.002890625;50,7.8125E-4;51,0.00125;52,0.001875;53,0.002109375;54,0.00765625;55,0.0078125;56,0.006484375;57,0.0040625;58,0.003515625;59,0.003828125;60,0.005703125;61,0.00421875;62,0.00125;63,0.229375;64,0.0;",
		"silktouch": false,
		"dim": "Overworld"
	},
	{
		"block": "biomesoplenty:plant_0:8",
		"distrib": "0,0.0;62,0.0;63,0.0021875;64,0.0;",
		"dropsList": [
			{
				"itemStack": "minecraft:wheat_seeds:0",
				"fortunes": {
					"0": 0.122,
					"1": 0.2462,
					"2": 0.3866,
					"3": 0.4868
				}
			}
		],
		"silktouch": false,
		"dim": "Overworld"
	},
	{
		"block": "biomesoplenty:plant_0:7",
		"distrib": "0,0.0;62,0.0;63,0.00125;64,0.0;",
		"dropsList": [
			{
				"itemStack": "minecraft:wheat_seeds:0",
				"fortunes": {
					"0": 0.1255,
					"1": 0.2393,
					"2": 0.3766,
					"3": 0.5053
				}
			}
		],
		"silktouch": false,
		"dim": "Overworld"
	},
	{
		"block": "minecraft:gold_ore:0",
		"distrib": "0,0.0;1,3.90625E-4;2,4.6875E-4;3,8.59375E-4;4,7.03125E-4;5,0.001484375;6,9.375E-4;7,0.00234375;8,0.002109375;9,0.001328125;10,0.003203125;11,0.001953125;12,0.002421875;13,0.001875;14,0.001484375;15,0.0021875;16,0.001875;17,0.00203125;18,0.002578125;19,0.00125;20,9.375E-4;21,0.00171875;22,0.001484375;23,5.46875E-4;24,0.00140625;25,0.00109375;26,0.001875;27,0.0015625;28,0.00234375;29,0.00171875;30,0.0;",
		"dropsList": [
			{
				"itemStack": "minecraft:gold_ore:0",
				"fortunes": {
					"0": 1.0,
					"1": 1.0,
					"2": 1.0,
					"3": 1.0
				}
			}
		],
		"silktouch": true,
		"dim": "Overworld"
	},
	{
		"block": "minecraft:stone:0",
		"distrib": "0,0.0;1,0.15804687;2,0.31515625;3,0.46921876;4,0.61828125;5,0.7597656;6,0.7625;7,0.76734376;8,0.77390623;9,0.7760937;10,0.75460935;11,0.7541406;12,0.7585156;13,0.755;14,0.7482031;15,0.7571875;16,0.7491406;17,0.749375;18,0.74210936;19,0.7484375;20,0.7622656;21,0.7510156;22,0.74296874;23,0.75539064;24,0.7625781;25,0.7403125;26,0.71703124;27,0.7242187;28,0.7303125;29,0.7365625;30,0.73726565;31,0.74226564;32,0.74109375;33,0.7334375;34,0.7135937;35,0.716875;36,0.7028125;37,0.67546874;38,0.6375781;39,0.6257031;40,0.6125;41,0.60125;42,0.5828906;43,0.5633594;44,0.5539844;45,0.549375;46,0.5222656;47,0.50289065;48,0.2990625;49,0.30539063;50,0.31023437;51,0.30257812;52,0.2753125;53,0.24601562;54,0.22601563;55,0.21398437;56,0.20039062;57,0.18320313;58,0.14734375;59,0.11148438;60,0.07515625;61,0.036328126;62,0.0175;63,0.01046875;64,0.0;",
		"dropsList": [
			{
				"itemStack": "minecraft:cobblestone:0",
				"fortunes": {
					"0": 1.0,
					"1": 1.0,
					"2": 1.0,
					"3": 1.0
				}
			}
		],
		"silktouch": true,
		"dim": "Overworld"
	},
	{
		"block": "biomesoplenty:coral:4",
		"distrib": "0,0.0;37,0.0;38,2.34375E-4;39,6.25E-4;40,0.007109375;41,0.00140625;42,6.25E-4;43,4.6875E-4;44,3.125E-4;45,1.5625E-4;46,1.5625E-4;47,0.0;",
		"dropsList": [
			{
				"itemStack": "biomesoplenty:coral:4",
				"fortunes": {
					"0": 1.0,
					"1": 1.0,
					"2": 1.0,
					"3": 1.0
				}
			}
		],
		"silktouch": false,
		"dim": "Overworld"
	},
	{
		"block": "minecraft:stone:1",
		"distrib": "0,0.0;1,0.009140625;2,0.0115625;3,0.019765625;4,0.03484375;5,0.04921875;6,0.050390624;7,0.0496875;8,0.050078124;9,0.053125;10,0.057890624;11,0.056171875;12,0.052109376;13,0.05078125;14,0.045546874;15,0.043828126;16,0.046875;17,0.045390625;18,0.04953125;19,0.047734376;20,0.042421874;21,0.05328125;22,0.059765626;23,0.057421874;24,0.052578125;25,0.048125;26,0.05625;27,0.05421875;28,0.0459375;29,0.040078126;30,0.0340625;31,0.047734376;32,0.06976563;33,0.07382812;34,0.068359375;35,0.054296874;36,0.04328125;37,0.04109375;38,0.043046877;39,0.042265624;40,0.039296877;41,0.028125;42,0.02484375;43,0.02609375;44,0.02171875;45,0.020703126;46,0.03484375;47,0.0478125;48,0.02375;49,0.01984375;50,0.0175;51,0.015703125;52,0.0153125;53,0.014765625;54,0.015546875;55,0.016171874;56,0.018515624;57,0.018046875;58,0.01296875;59,0.00828125;60,0.00765625;61,0.004609375;62,0.00234375;63,1.5625E-4;64,0.0;",
		"dropsList": [
			{
				"itemStack": "minecraft:stone:1",
				"fortunes": {
					"0": 1.0,
					"1": 1.0,
					"2": 1.0,
					"3": 1.0
				}
			}
		],
		"silktouch": true,
		"dim": "Overworld"
	},
	{
		"block": "minecraft:gravel:0",
		"distrib": "0,0.0;1,0.00421875;2,0.00578125;3,0.005078125;4,0.007890625;5,0.014296875;6,0.016875;7,0.017421875;8,0.01609375;9,0.014453125;10,0.011015625;11,0.0053125;12,0.006328125;13,0.01015625;14,0.0159375;15,0.0153125;16,0.015078125;17,0.012890625;18,0.01140625;19,0.01125;20,0.011484375;21,0.01421875;22,0.014453125;23,0.01234375;24,0.009375;25,0.010859375;26,0.015546875;27,0.026328124;28,0.030859375;29,0.026953125;30,0.017890625;31,0.014296875;32,0.01375;33,0.0171875;34,0.020234374;35,0.01921875;36,0.02515625;37,0.029375;38,0.0403125;39,0.10539062;40,0.03875;41,0.0403125;42,0.036171876;43,0.035078123;44,0.0340625;45,0.02890625;46,0.0234375;47,0.030390626;48,0.006015625;49,0.00515625;50,0.00390625;51,0.007421875;52,0.0071875;53,0.00875;54,0.004609375;55,0.0034375;56,0.003984375;57,0.0059375;58,0.006015625;59,0.004375;60,0.0034375;61,0.002578125;62,5.46875E-4;63,3.125E-4;64,0.0;",
		"dropsList": [
			{
				"itemStack": "minecraft:flint:0",
				"fortunes": {
					"0": 0.1003,
					"1": 0.14,
					"2": 0.2461,
					"3": 1.0
				}
			},
			{
				"itemStack": "minecraft:gravel:0",
				"fortunes": {
					"0": 0.8997,
					"1": 0.86,
					"2": 0.7539
				}
			}
		],
		"silktouch": true,
		"dim": "Overworld"
	},
	{
		"block": "biomesoplenty:seaweed:0",
		"distrib": "0,0.0;37,0.0;38,0.0015625;39,0.00390625;40,0.0153125;41,0.017734375;42,0.01921875;43,0.018359374;44,0.01703125;45,0.014609375;46,0.013984375;47,0.0121875;48,7.8125E-5;49,1.5625E-4;51,1.5625E-4;52,2.34375E-4;53,1.5625E-4;55,1.5625E-4;56,0.0;",
		"dropsList": [
			{
				"itemStack": "biomesoplenty:seaweed:0",
				"fortunes": {
					"0": 1.0,
					"1": 1.0,
					"2": 1.0,
					"3": 1.0
				}
			}
		],
		"silktouch": false,
		"dim": "Overworld"
	},
	{
		"block": "biomesoplenty:plant_1:9",
		"distrib": "0,0.0;61,0.0;62,7.8125E-5;63,0.0;",
		"dropsList": [
			{
				"itemStack": "biomesoplenty:plant_1:9",
				"fortunes": {
					"0": 1.0,
					"1": 1.0,
					"2": 1.0,
					"3": 1.0
				}
			}
		],
		"silktouch": false,
		"dim": "Overworld"
	},
	{
		"block": "minecraft:flowing_lava:2",
		"distrib": "0,0.0;16,0.0;17,7.8125E-5;18,7.8125E-5;19,0.0;25,0.0;26,7.8125E-5;27,0.0;28,7.8125E-5;29,0.0;",
		"silktouch": false,
		"dim": "Overworld"
	},
	{
		"block": "biomesoplenty:gem_ore:6",
		"distrib": "0,0.0;3,0.0;4,3.90625E-4;5,0.001171875;6,6.25E-4;7,3.90625E-4;8,0.001015625;9,4.6875E-4;10,8.59375E-4;11,7.8125E-4;12,0.00109375;13,8.59375E-4;14,8.59375E-4;15,9.375E-4;16,0.00125;17,8.59375E-4;18,7.03125E-4;19,0.00125;20,3.90625E-4;21,8.59375E-4;22,9.375E-4;23,3.90625E-4;24,5.46875E-4;25,6.25E-4;26,7.03125E-4;27,7.03125E-4;28,4.6875E-4;29,6.25E-4;30,5.46875E-4;31,7.03125E-4;32,7.8125E-4;33,0.0;",
		"dropsList": [
			{
				"itemStack": "biomesoplenty:gem:6",
				"fortunes": {
					"0": 1.0,
					"1": 1.3276,
					"2": 1.7555,
					"3": 2.1978
				}
			}
		],
		"silktouch": true,
		"dim": "Overworld"
	},
	{
		"block": "minecraft:redstone_ore:0",
		"distrib": "0,0.0;1,0.0025;2,0.003671875;3,0.0046875;4,0.00609375;5,0.007578125;6,0.009375;7,0.00921875;8,0.01015625;9,0.008359375;10,0.0109375;11,0.011875;12,0.008515625;13,0.00875;14,0.006484375;15,0.0;",
		"dropsList": [
			{
				"itemStack": "minecraft:redstone:0",
				"fortunes": {
					"0": 4.5053,
					"1": 5.0111,
					"2": 5.5046,
					"3": 6.0081
				}
			}
		],
		"silktouch": true,
		"dim": "Overworld"
	},
	{
		"block": "minecraft:fence:0",
		"distrib": "0,0.0;16,0.0;17,7.8125E-4;18,0.001171875;19,3.90625E-4;20,0.0;",
		"dropsList": [
			{
				"itemStack": "minecraft:fence:0",
				"fortunes": {
					"0": 1.0,
					"1": 1.0,
					"2": 1.0,
					"3": 1.0
				}
			}
		],
		"silktouch": false,
		"dim": "Overworld"
	},
	{
		"block": "minecraft:dirt:0",
		"distrib": "0,0.0;1,0.00453125;2,0.006328125;3,0.010078125;4,0.008203125;5,0.0075;6,0.0059375;7,0.0059375;8,0.008203125;9,0.00953125;10,0.010625;11,0.008359375;12,0.00484375;13,0.006484375;14,0.0096875;15,0.012578125;16,0.017890625;17,0.025078125;18,0.024921875;19,0.019453125;20,0.014296875;21,0.013203125;22,0.011484375;23,0.008984375;24,0.01390625;25,0.02;26,0.023046875;27,0.022734376;28,0.019921875;29,0.019453125;30,0.017265625;31,0.015546875;32,0.0128125;33,0.01359375;34,0.01796875;35,0.02359375;36,0.039921876;37,0.0834375;38,0.106875;39,0.032109376;40,0.024609376;41,0.019921875;42,0.020546876;43,0.018359374;44,0.015546875;45,0.011015625;46,0.00828125;47,0.005390625;48,0.0015625;49,5.46875E-4;50,0.00234375;51,0.003828125;52,0.021484375;53,0.0375;54,0.038203124;55,0.04203125;56,0.039765626;57,0.0375;58,0.04609375;59,0.058984376;60,0.059375;61,0.07804687;62,0.06664062;63,0.057578124;64,0.0;",
		"dropsList": [
			{
				"itemStack": "minecraft:dirt:0",
				"fortunes": {
					"0": 1.0,
					"1": 1.0,
					"2": 1.0,
					"3": 1.0
				}
			}
		],
		"silktouch": true,
		"dim": "Overworld"
	},
	{
		"block": "minecraft:web:0",
		"distrib": "0,0.0;18,0.0;19,1.5625E-4;20,7.8125E-5;21,0.0;",
		"dropsList": [
			{
				"itemStack": "minecraft:string:0",
				"fortunes": {
					"0": 1.0,
					"1": 1.0,
					"2": 1.0,
					"3": 1.0
				}
			}
		],
		"silktouch": true,
		"dim": "Overworld"
	},
	{
		"block": "biomesoplenty:plant_0:1",
		"distrib": "0,0.0;62,0.0;63,0.003125;64,0.0;",
		"dropsList": [
			{
				"itemStack": "minecraft:wheat_seeds:0",
				"fortunes": {
					"0": 0.1259,
					"1": 0.2411,
					"2": 0.3761,
					"3": 0.5171
				}
			}
		],
		"silktouch": false,
		"dim": "Overworld"
	},
	{
		"block": "minecraft:sandstone:0",
		"distrib": "0,0.0;47,0.0;48,7.8125E-5;49,5.46875E-4;50,0.00171875;51,0.0025;52,0.003125;53,0.005703125;54,0.007734375;55,0.008671875;56,0.011875;57,0.01703125;58,0.02421875;59,0.029140625;60,0.023203125;61,0.013671875;62,0.008125;63,0.001171875;64,0.0;",
		"dropsList": [
			{
				"itemStack": "minecraft:sandstone:0",
				"fortunes": {
					"0": 1.0,
					"1": 1.0,
					"2": 1.0,
					"3": 1.0
				}
			}
		],
		"silktouch": true,
		"dim": "Overworld"
	},
	{
		"block": "biomesoplenty:plant_0:0",
		"distrib": "0,0.0;62,0.0;63,8.59375E-4;64,0.0;",
		"dropsList": [
			{
				"itemStack": "minecraft:wheat_seeds:0",
				"fortunes": {
					"0": 0.1256,
					"1": 0.2516,
					"2": 0.3815,
					"3": 0.4707
				}
			}
		],
		"silktouch": false,
		"dim": "Overworld"
	},
	{
		"block": "biomesoplenty:gem_ore:1",
		"distrib": "0,0.0;4,0.0;5,1.5625E-4;6,7.8125E-5;7,0.0;9,0.0;10,7.8125E-5;11,0.0;12,7.8125E-5;13,0.0;19,0.0;20,1.5625E-4;21,0.0;23,0.0;24,7.8125E-5;25,0.0;26,7.8125E-5;27,0.0;31,0.0;32,7.8125E-5;33,0.0;",
		"dropsList": [
			{
				"itemStack": "biomesoplenty:gem:1",
				"fortunes": {
					"0": 1.0,
					"1": 1.332,
					"2": 1.7583,
					"3": 2.2017
				}
			}
		],
		"silktouch": true,
		"dim": "Overworld"
	},
	{
		"block": "biomesoplenty:gem_ore:2",
		"distrib": "0,0.0;3,0.0;4,1.5625E-4;5,2.34375E-4;6,1.5625E-4;7,3.90625E-4;8,2.34375E-4;9,7.8125E-5;10,1.5625E-4;11,4.6875E-4;12,7.8125E-5;13,3.90625E-4;14,7.8125E-5;15,2.34375E-4;16,3.90625E-4;17,3.90625E-4;18,1.5625E-4;19,1.5625E-4;20,3.125E-4;21,2.34375E-4;22,7.8125E-5;23,3.90625E-4;24,7.8125E-5;25,7.8125E-5;26,3.125E-4;28,3.125E-4;29,2.34375E-4;30,3.90625E-4;31,3.90625E-4;32,2.34375E-4;33,0.0;",
		"dropsList": [
			{
				"itemStack": "biomesoplenty:gem:2",
				"fortunes": {
					"0": 1.0,
					"1": 1.3353,
					"2": 1.752,
					"3": 2.2129
				}
			}
		],
		"silktouch": true,
		"dim": "Overworld"
	},
	{
		"block": "minecraft:diamond_ore:0",
		"distrib": "0,0.0;1,1.5625E-4;2,2.34375E-4;3,4.6875E-4;4,3.125E-4;5,0.002109375;6,0.00171875;7,0.00171875;8,9.375E-4;9,0.001796875;10,9.375E-4;11,0.001015625;12,0.001015625;13,0.001328125;14,9.375E-4;15,7.8125E-5;16,0.0;",
		"dropsList": [
			{
				"itemStack": "minecraft:diamond:0",
				"fortunes": {
					"0": 1.0,
					"1": 1.3249,
					"2": 1.7498,
					"3": 2.2216
				}
			}
		],
		"silktouch": true,
		"dim": "Overworld"
	},
	{
		"block": "biomesoplenty:flower_0:0",
		"distrib": "0,0.0;62,0.0;63,7.8125E-5;64,0.0;",
		"dropsList": [
			{
				"itemStack": "biomesoplenty:flower_0:0",
				"fortunes": {
					"0": 1.0,
					"1": 1.0,
					"2": 1.0,
					"3": 1.0
				}
			}
		],
		"silktouch": false,
		"dim": "Overworld"
	},
	{
		"block": "minecraft:planks:0",
		"distrib": "0,0.0;15,0.0;16,7.03125E-4;17,0.00109375;18,5.46875E-4;19,0.00171875;20,0.001015625;21,0.0;",
		"dropsList": [
			{
				"itemStack": "minecraft:planks:0",
				"fortunes": {
					"0": 1.0,
					"1": 1.0,
					"2": 1.0,
					"3": 1.0
				}
			}
		],
		"silktouch": true,
		"dim": "Overworld"
	},
	{
		"block": "minecraft:double_plant:2",
		"distrib": "0,0.0;62,0.0;63,7.8125E-5;64,0.0;",
		"dropsList": [
			{
				"itemStack": "minecraft:wheat_seeds:0",
				"fortunes": {
					"0": 0.1233,
					"1": 0.1257,
					"2": 0.1261,
					"3": 0.1246
				}
			}
		],
		"silktouch": false,
		"dim": "Overworld"
	},
	{
		"block": "minecraft:clay:0",
		"distrib": "0,0.0;37,0.0;38,3.90625E-4;39,0.001953125;40,1.5625E-4;41,0.0;43,0.0;44,2.34375E-4;45,0.0;53,0.0;54,4.6875E-4;55,0.002109375;56,7.03125E-4;57,2.34375E-4;58,0.0;59,7.8125E-4;60,0.0015625;61,0.002265625;62,3.90625E-4;63,0.0;",
		"dropsList": [
			{
				"itemStack": "minecraft:clay_ball:0",
				"fortunes": {
					"0": 4.0,
					"1": 4.0,
					"2": 4.0,
					"3": 4.0
				}
			}
		],
		"silktouch": true,
		"dim": "Overworld"
	},
	{
		"block": "biomesoplenty:stone_formations:0",
		"distrib": "0,0.0;10,0.0;11,0.00140625;12,0.001328125;13,0.00171875;14,0.00125;15,0.001796875;16,0.001484375;17,0.00109375;18,0.00140625;19,0.001875;20,0.001328125;21,0.00109375;22,0.00171875;23,0.00203125;24,0.002421875;25,0.00296875;26,0.002421875;27,0.00140625;28,0.001484375;29,0.00140625;30,0.00140625;31,7.03125E-4;32,3.125E-4;34,3.125E-4;35,9.375E-4;36,0.00125;37,8.59375E-4;38,7.8125E-4;39,3.125E-4;41,3.125E-4;42,2.34375E-4;43,1.5625E-4;44,1.5625E-4;45,0.0;48,0.0;49,1.5625E-4;51,1.5625E-4;52,0.0;",
		"silktouch": false,
		"dim": "Overworld"
	},
	{
		"block": "minecraft:brown_mushroom:0",
		"distrib": "0,0.0;23,0.0;24,7.8125E-5;25,0.0;",
		"dropsList": [
			{
				"itemStack": "minecraft:brown_mushroom:0",
				"fortunes": {
					"0": 1.0,
					"1": 1.0,
					"2": 1.0,
					"3": 1.0
				}
			}
		],
		"silktouch": false,
		"dim": "Overworld"
	},
	{
		"block": "minecraft:emerald_ore:0",
		"dropsList": [
			{
				"itemStack": "minecraft:emerald:0",
				"fortunes": {
					"0": 1.0,
					"1": 1.3347,
					"2": 1.7366,
					"3": 2.1896
				}
			}
		],
		"silktouch": true,
		"dim": "Overworld"
	}
]