[
	{
		"block": "biomesoplenty:plant_0:12",
		"distrib": "0,0.0;62,0.0;63,0.003046875;64,3.90625E-5;65,0.0;66,3.515625E-4;67,1.5625E-4;68,3.90625E-5;69,7.8125E-5;70,3.90625E-5;71,3.125E-4;72,2.734375E-4;73,4.6875E-4;74,1.171875E-4;75,1.5625E-4;76,1.171875E-4;77,0.0;",
		"silktouch": false,
		"dim": "Overworld"
	},
	{
		"block": "biomesoplenty:mushroom:3",
		"distrib": "0,0.0;11,0.0;12,7.8125E-5;13,0.0;14,3.125E-4;15,1.171875E-4;16,0.0;17,0.0;18,3.90625E-5;19,0.0;20,0.0;21,7.8125E-5;22,2.734375E-4;23,7.8125E-5;24,2.34375E-4;25,3.90625E-5;26,7.8125E-5;27,0.0;29,0.0;30,1.171875E-4;31,3.90625E-5;32,1.5625E-4;33,1.953125E-4;34,0.0;35,0.0;36,3.90625E-5;37,3.90625E-5;38,7.8125E-5;39,3.90625E-5;40,0.0;41,0.0;42,7.8125E-5;43,0.0;55,0.0;56,3.90625E-5;57,0.0;",
		"dropsList": [
			{
				"itemStack": "biomesoplenty:mushroom:3",
				"fortunes": {
					"0": 1.0,
					"1": 1.0,
					"2": 1.0,
					"3": 1.0
				}
			}
		],
		"silktouch": false,
		"dim": "Overworld"
	},
	{
		"block": "biomesoplenty:plant_0:11",
		"distrib": "0,0.0;62,0.0;63,0.0016015625;64,0.0;65,0.0;66,7.8125E-5;67,2.34375E-4;68,0.0;69,7.8125E-5;70,3.90625E-5;71,3.90625E-5;72,1.171875E-4;73,3.125E-4;74,7.8125E-5;75,3.125E-4;76,3.90625E-5;77,0.0;",
		"silktouch": false,
		"dim": "Overworld"
	},
	{
		"block": "minecraft:water:0",
		"distrib": "0,0.0;8,0.0;9,7.8125E-5;10,0.0;11,0.0;12,7.8125E-5;13,0.0;14,3.90625E-5;15,0.0;17,0.0;18,3.90625E-5;19,7.8125E-5;20,3.90625E-5;21,1.171875E-4;22,3.90625E-5;23,3.90625E-5;24,0.0;25,3.90625E-5;26,1.171875E-4;27,0.0012890626;28,0.0027734374;29,0.0047265626;30,0.011132812;31,0.028398437;32,0.05890625;33,0.08722656;34,0.11328125;35,0.12632813;36,0.13269532;37,0.14066406;38,0.14753906;39,0.15527344;40,0.16453125;41,0.17269531;42,0.18515626;43,0.20324218;44,0.22601563;45,0.26398438;46,0.31230468;47,0.36507812;48,0.0;53,0.0;54,1.953125E-4;55,0.0039453125;56,0.012265625;57,0.017226562;58,0.02375;59,0.029023437;60,0.03515625;61,0.04941406;62,0.085;63,0.0;",
		"silktouch": false,
		"dim": "Overworld"
	},
	{
		"block": "biomesoplenty:mushroom:0",
		"distrib": "0,0.0;62,0.0;63,1.5625E-4;64,0.0;72,0.0;73,1.5625E-4;74,3.90625E-5;75,1.171875E-4;76,0.0;",
		"dropsList": [
			{
				"itemStack": "biomesoplenty:mushroom:0",
				"fortunes": {
					"0": 1.0,
					"1": 1.0,
					"2": 1.0,
					"3": 1.0
				}
			}
		],
		"silktouch": false,
		"dim": "Overworld"
	},
	{
		"block": "minecraft:bedrock:0",
		"distrib": "0,1.0;1,0.80371094;2,0.5985938;3,0.40148437;4,0.19535156;5,0.0;",
		"silktouch": true,
		"dim": "Overworld"
	},
	{
		"block": "minecraft:iron_ore:0",
		"distrib": "0,0.0;1,0.00171875;2,0.0029296875;3,0.0047265626;4,0.0073046875;5,0.009023437;6,0.010585938;7,0.0075;8,0.008867187;9,0.008476563;10,0.00640625;11,0.008867187;12,0.008007812;13,0.007578125;14,0.008242187;15,0.010273438;16,0.00796875;17,0.0061328127;18,0.0066796876;19,0.01078125;20,0.010429688;21,0.0076953126;22,0.008867187;23,0.0058984375;24,0.0067578126;25,0.009765625;26,0.009492188;27,0.010546875;28,0.0073046875;29,0.008671875;30,0.0078125;31,0.009492188;32,0.009609375;33,0.007265625;34,0.0065234373;35,0.006875;36,0.0075;37,0.0071484377;38,0.005859375;39,0.007890625;40,0.00859375;41,0.0065625;42,0.0071484377;43,0.00640625;44,0.0065234373;45,0.005234375;46,0.0043359376;47,0.0031640625;48,0.0040625;49,0.0040625;50,0.0037890626;51,0.006328125;52,0.00421875;53,0.0028515626;54,0.0032421874;55,0.0046875;56,0.00359375;57,0.0043359376;58,0.003984375;59,0.0030078124;60,0.002890625;61,0.0018359375;62,0.001015625;63,0.0;",
		"dropsList": [
			{
				"itemStack": "minecraft:iron_ore:0",
				"fortunes": {
					"0": 1.0,
					"1": 1.0,
					"2": 1.0,
					"3": 1.0
				}
			}
		],
		"silktouch": true,
		"dim": "Overworld"
	},
	{
		"block": "minecraft:lapis_ore:0",
		"distrib": "0,0.0;1,7.8125E-5;2,2.34375E-4;3,2.734375E-4;4,3.125E-4;5,2.34375E-4;6,6.25E-4;7,3.90625E-4;8,4.6875E-4;9,8.59375E-4;10,7.03125E-4;11,3.90625E-4;12,8.59375E-4;13,0.00109375;14,7.8125E-4;15,3.90625E-4;16,7.03125E-4;17,4.6875E-4;18,0.001484375;19,0.001484375;20,9.765625E-4;21,2.34375E-4;22,1.5625E-4;23,1.5625E-4;24,2.34375E-4;25,5.46875E-4;26,5.46875E-4;27,2.34375E-4;28,4.296875E-4;29,1.5625E-4;30,0.0;",
		"dropsList": [
			{
				"itemStack": "minecraft:dye:4",
				"fortunes": {
					"0": 5.9818,
					"1": 7.9445,
					"2": 10.4219,
					"3": 12.9324
				}
			}
		],
		"silktouch": true,
		"dim": "Overworld"
	},
	{
		"block": "minecraft:sand:0",
		"distrib": "0,0.0;27,0.0;28,9.765625E-4;29,0.0010546875;30,7.8125E-5;31,5.078125E-4;32,0.0;35,0.0;36,1.171875E-4;37,2.734375E-4;38,1.5625E-4;39,5.078125E-4;40,8.203125E-4;41,8.203125E-4;42,9.765625E-4;43,0.0011328125;44,0.003203125;45,2.734375E-4;46,0.0012890626;47,3.125E-4;48,0.0;51,0.0;52,5.078125E-4;53,5.078125E-4;54,0.0051953127;55,0.005;56,0.0040625;57,0.0038671875;58,0.0022265625;59,0.0059375;60,0.019140625;61,0.015546875;62,0.0053515625;63,9.375E-4;64,0.0;",
		"dropsList": [
			{
				"itemStack": "minecraft:sand:0",
				"fortunes": {
					"0": 1.0,
					"1": 1.0,
					"2": 1.0,
					"3": 1.0
				}
			}
		],
		"silktouch": true,
		"dim": "Overworld"
	},
	{
		"block": "biomesoplenty:plant_1:8",
		"distrib": "0,0.0;62,0.0;63,6.25E-4;64,0.0;",
		"dropsList": [
			{
				"itemStack": "biomesoplenty:plant_1:8",
				"fortunes": {
					"0": 1.0,
					"1": 1.0,
					"2": 1.0,
					"3": 1.0
				}
			}
		],
		"silktouch": false,
		"dim": "Overworld"
	},
	{
		"block": "minecraft:air:0",
		"distrib": "0,0.0;3,0.0;4,0.0019921875;5,0.0024609375;6,0.002109375;7,9.375E-4;8,0.0024609375;9,0.0056640627;10,0.0076171877;11,0.020390624;12,0.027929688;13,0.031445313;14,0.041992188;15,0.052226562;16,0.05738281;17,0.051445313;18,0.039335936;19,0.0409375;20,0.059140626;21,0.07125;22,0.08753906;23,0.08066406;24,0.08621094;25,0.075;26,0.060078125;27,0.047851562;28,0.052890625;29,0.043867186;30,0.03394531;31,0.021640625;32,0.023164062;33,0.022695312;34,0.025976563;35,0.020976562;36,0.015507813;37,0.0096875;38,0.0059375;39,0.004296875;40,0.0064453124;41,0.009179687;42,0.010976562;43,0.010859375;44,0.011640625;45,0.008164062;46,0.0054296874;47,0.0045703123;48,0.0048828125;49,0.00515625;50,0.0037109375;51,0.0022265625;52,0.001875;53,0.0024609375;54,0.003125;55,0.009804687;56,0.01265625;57,0.011640625;58,0.0096875;59,0.010117187;60,0.017148437;61,0.020273438;62,0.022460938;63,0.14710937;64,0.03246094;65,0.03378906;66,0.039453126;67,0.046132814;68,0.054609373;69,0.06421875;70,0.080273435;71,0.095898435;72,0.11476562;73,0.13230468;74,0.14140625;75,0.14355469;76,0.1457422;77,0.14554687;78,0.14992188;79,0.15421875;80,0.0;",
		"silktouch": false,
		"dim": "Overworld"
	},
	{
		"block": "minecraft:leaves:0",
		"distrib": "0,0.0;65,0.0;66,0.0021875;67,0.0023046874;68,0.0032421874;69,0.0055859373;70,0.0059375;71,0.0053515625;72,0.003203125;73,0.0023828126;74,0.0017578125;75,0.003984375;76,0.00671875;77,0.0069921874;78,0.0073046875;79,0.005625;80,0.0;",
		"dropsList": [
			{
				"itemStack": "minecraft:apple:0",
				"fortunes": {
					"0": 0.0042,
					"1": 0.0052,
					"2": 0.0073,
					"3": 0.0083
				}
			},
			{
				"itemStack": "minecraft:sapling:0",
				"fortunes": {
					"0": 0.0537,
					"1": 0.0632,
					"2": 0.0822,
					"3": 0.1003
				}
			}
		],
		"silktouch": true,
		"dim": "Overworld"
	},
	{
		"block": "minecraft:gravel:0",
		"distrib": "0,0.0;1,0.0023046874;2,0.004609375;3,0.008828125;4,0.013242188;5,0.01578125;6,0.015546875;7,0.0196875;8,0.021132812;9,0.018789062;10,0.0121875;11,0.008476563;12,0.0076953126;13,0.010234375;14,0.014179688;15,0.016015625;16,0.017148437;17,0.016367188;18,0.014960937;19,0.015429688;20,0.013476563;21,0.010507813;22,0.008554688;23,0.011679688;24,0.012617188;25,0.010039062;26,0.00671875;27,0.005078125;28,0.008828125;29,0.016328124;30,0.02671875;31,0.040546875;32,0.038242187;33,0.036445312;34,0.018789062;35,0.016289063;36,0.01796875;37,0.018984376;38,0.021367187;39,0.021796875;40,0.019570313;41,0.019804688;42,0.023398437;43,0.035390627;44,0.05328125;45,0.04359375;46,0.051484376;47,0.08109375;48,0.0069140624;49,0.0077734375;50,0.0077734375;51,0.0073828124;52,0.008476563;53,0.009804687;54,0.010546875;55,0.009453125;56,0.008320313;57,0.01078125;58,0.012929687;59,0.014335938;60,0.03667969;61,0.048671875;62,0.043085936;63,0.036171876;64,0.0076953126;65,0.0062109376;66,0.00515625;67,0.003515625;68,0.002578125;69,0.0018359375;70,0.001328125;71,8.203125E-4;72,3.90625E-4;73,3.125E-4;74,2.34375E-4;75,1.171875E-4;76,3.90625E-5;77,0.0;",
		"dropsList": [
			{
				"itemStack": "minecraft:flint:0",
				"fortunes": {
					"0": 0.1044,
					"1": 0.1416,
					"2": 0.2536,
					"3": 1.0
				}
			},
			{
				"itemStack": "minecraft:gravel:0",
				"fortunes": {
					"0": 0.8956,
					"1": 0.8584,
					"2": 0.7464
				}
			}
		],
		"silktouch": true,
		"dim": "Overworld"
	},
	{
		"block": "biomesoplenty:plant_1:9",
		"distrib": "0,0.0;61,0.0;62,3.90625E-5;63,1.171875E-4;64,0.0;",
		"dropsList": [
			{
				"itemStack": "biomesoplenty:plant_1:9",
				"fortunes": {
					"0": 1.0,
					"1": 1.0,
					"2": 1.0,
					"3": 1.0
				}
			}
		],
		"silktouch": false,
		"dim": "Overworld"
	},
	{
		"block": "biomesoplenty:gem_ore:4",
		"distrib": "0,0.0;3,0.0;4,7.8125E-5;5,3.125E-4;6,3.515625E-4;7,1.5625E-4;8,1.171875E-4;9,1.5625E-4;10,2.34375E-4;11,1.171875E-4;12,1.953125E-4;13,4.296875E-4;14,2.34375E-4;15,1.953125E-4;16,1.953125E-4;17,2.34375E-4;18,1.953125E-4;19,2.34375E-4;20,4.296875E-4;21,7.8125E-5;22,1.5625E-4;23,1.5625E-4;24,1.953125E-4;25,2.734375E-4;26,1.5625E-4;27,3.125E-4;28,1.953125E-4;29,1.953125E-4;30,3.125E-4;31,1.953125E-4;32,3.125E-4;33,0.0;",
		"dropsList": [
			{
				"itemStack": "biomesoplenty:gem:4",
				"fortunes": {
					"0": 1.0,
					"1": 1.3282,
					"2": 1.7401,
					"3": 2.1783
				}
			}
		],
		"silktouch": true,
		"dim": "Overworld"
	},
	{
		"block": "biomesoplenty:gem_ore:6",
		"distrib": "0,0.0;3,0.0;4,4.296875E-4;5,6.25E-4;6,5.078125E-4;7,5.46875E-4;8,5.859375E-4;9,6.640625E-4;10,4.296875E-4;11,8.203125E-4;12,5.859375E-4;13,7.03125E-4;14,4.6875E-4;15,4.6875E-4;16,3.90625E-4;17,6.25E-4;18,2.734375E-4;19,4.6875E-4;20,5.859375E-4;21,3.90625E-4;22,4.296875E-4;23,4.296875E-4;24,4.6875E-4;25,5.859375E-4;26,5.859375E-4;27,4.296875E-4;28,4.6875E-4;29,5.859375E-4;30,4.296875E-4;31,7.421875E-4;32,7.8125E-4;33,0.0;",
		"dropsList": [
			{
				"itemStack": "biomesoplenty:gem:6",
				"fortunes": {
					"0": 1.0,
					"1": 1.3403,
					"2": 1.757,
					"3": 2.1885
				}
			}
		],
		"silktouch": true,
		"dim": "Overworld"
	},
	{
		"block": "minecraft:fence:0",
		"distrib": "0,0.0;3,0.0;4,2.34375E-4;5,2.34375E-4;6,0.0;7,0.0;8,2.34375E-4;9,6.25E-4;10,4.6875E-4;11,3.125E-4;12,5.46875E-4;13,9.375E-4;14,0.002421875;15,0.003515625;16,0.002890625;17,0.00171875;18,9.375E-4;19,0.0016015625;20,0.003125;21,0.0033984375;22,0.00328125;23,0.0034375;24,0.00265625;25,0.001875;26,9.375E-4;27,0.001015625;28,0.001953125;29,0.001171875;30,0.0;31,0.0;32,7.8125E-5;33,2.34375E-4;34,2.34375E-4;35,7.8125E-5;36,0.0;",
		"dropsList": [
			{
				"itemStack": "minecraft:fence:0",
				"fortunes": {
					"0": 1.0,
					"1": 1.0,
					"2": 1.0,
					"3": 1.0
				}
			}
		],
		"silktouch": false,
		"dim": "Overworld"
	},
	{
		"block": "biomesoplenty:gem_ore:7",
		"distrib": "0,0.0;3,0.0;4,3.125E-4;5,4.6875E-4;6,2.34375E-4;7,1.5625E-4;8,3.515625E-4;9,3.90625E-4;10,5.859375E-4;11,2.734375E-4;12,3.125E-4;13,5.859375E-4;14,3.125E-4;15,3.90625E-4;16,3.125E-4;17,3.90625E-4;18,2.734375E-4;19,3.515625E-4;20,4.296875E-4;21,3.125E-4;22,5.46875E-4;23,3.125E-4;24,1.5625E-4;25,4.296875E-4;26,4.6875E-4;27,3.90625E-4;28,3.90625E-4;29,1.953125E-4;30,2.734375E-4;31,2.734375E-4;32,3.90625E-4;33,0.0;",
		"dropsList": [
			{
				"itemStack": "biomesoplenty:gem:7",
				"fortunes": {
					"0": 1.0,
					"1": 1.3361,
					"2": 1.7493,
					"3": 2.1827
				}
			}
		],
		"silktouch": true,
		"dim": "Overworld"
	},
	{
		"block": "minecraft:red_flower:0",
		"distrib": "0,0.0;62,0.0;63,2.734375E-4;64,0.0;",
		"dropsList": [
			{
				"itemStack": "minecraft:red_flower:0",
				"fortunes": {
					"0": 1.0,
					"1": 1.0,
					"2": 1.0,
					"3": 1.0
				}
			}
		],
		"silktouch": false,
		"dim": "Overworld"
	},
	{
		"block": "biomesoplenty:plant_0:1",
		"distrib": "0,0.0;67,0.0;68,7.8125E-5;69,3.90625E-4;70,1.953125E-4;71,3.125E-4;72,1.5625E-4;73,1.171875E-4;74,3.90625E-5;76,3.90625E-5;77,0.0;",
		"dropsList": [
			{
				"itemStack": "minecraft:wheat_seeds:0",
				"fortunes": {
					"0": 0.1229,
					"1": 0.2474,
					"2": 0.3572,
					"3": 0.5066
				}
			}
		],
		"silktouch": false,
		"dim": "Overworld"
	},
	{
		"block": "biomesoplenty:plant_0:0",
		"distrib": "0,0.0;62,0.0;63,2.734375E-4;64,0.0;67,0.0;68,2.34375E-4;69,2.734375E-4;70,2.34375E-4;71,2.34375E-4;72,4.296875E-4;73,8.59375E-4;74,1.5625E-4;75,0.0;",
		"dropsList": [
			{
				"itemStack": "minecraft:wheat_seeds:0",
				"fortunes": {
					"0": 0.127,
					"1": 0.2566,
					"2": 0.3769,
					"3": 0.4946
				}
			}
		],
		"silktouch": false,
		"dim": "Overworld"
	},
	{
		"block": "minecraft:diamond_ore:0",
		"distrib": "0,0.0;1,1.953125E-4;2,3.125E-4;3,7.8125E-4;4,0.00109375;5,9.375E-4;6,0.001875;7,0.0014453125;8,7.421875E-4;9,0.00125;10,0.00234375;11,0.001328125;12,0.00140625;13,0.0013671875;14,6.25E-4;15,7.8125E-5;16,0.0;",
		"dropsList": [
			{
				"itemStack": "minecraft:diamond:0",
				"fortunes": {
					"0": 1.0,
					"1": 1.3356,
					"2": 1.7495,
					"3": 2.1818
				}
			}
		],
		"silktouch": true,
		"dim": "Overworld"
	},
	{
		"block": "minecraft:double_plant:4",
		"distrib": "0,0.0;62,0.0;63,7.8125E-5;64,0.0;",
		"dropsList": [
			{
				"itemStack": "minecraft:double_plant:4",
				"fortunes": {
					"0": 1.0,
					"1": 1.0,
					"2": 1.0,
					"3": 1.0
				}
			}
		],
		"silktouch": false,
		"dim": "Overworld"
	},
	{
		"block": "minecraft:planks:0",
		"distrib": "0,0.0;5,0.0;6,3.515625E-4;7,0.0;9,0.0;10,5.078125E-4;11,8.984375E-4;12,5.078125E-4;13,8.203125E-4;14,0.0010546875;15,0.003125;16,0.0035546876;17,0.003359375;18,0.0023046874;19,0.0036328125;20,0.0030078124;21,0.0028125;22,0.005390625;23,0.0030078124;24,0.0044140625;25,0.0038671875;26,0.0051953127;27,0.0017578125;28,0.0012890626;29,0.001875;30,0.0024609375;31,3.125E-4;32,3.125E-4;33,1.5625E-4;34,2.734375E-4;35,2.34375E-4;36,1.171875E-4;37,0.0;",
		"dropsList": [
			{
				"itemStack": "minecraft:planks:0",
				"fortunes": {
					"0": 1.0,
					"1": 1.0,
					"2": 1.0,
					"3": 1.0
				}
			}
		],
		"silktouch": true,
		"dim": "Overworld"
	},
	{
		"block": "minecraft:double_plant:3",
		"distrib": "0,0.0;62,0.0;63,7.8125E-5;64,0.0;67,0.0;68,1.5625E-4;70,1.5625E-4;71,3.90625E-4;72,4.296875E-4;73,5.859375E-4;74,5.859375E-4;75,1.953125E-4;76,0.0;77,3.90625E-5;78,7.8125E-5;79,7.8125E-5;80,0.0;",
		"silktouch": false,
		"dim": "Overworld"
	},
	{
		"block": "minecraft:clay:0",
		"distrib": "0,0.0;36,0.0;37,1.953125E-4;38,1.171875E-4;39,0.0;44,0.0;45,3.515625E-4;46,0.0;53,0.0;54,8.984375E-4;55,7.8125E-4;56,5.078125E-4;57,5.859375E-4;58,9.375E-4;59,0.00171875;60,0.001953125;61,0.0030078124;62,0.0;",
		"dropsList": [
			{
				"itemStack": "minecraft:clay_ball:0",
				"fortunes": {
					"0": 4.0,
					"1": 4.0,
					"2": 4.0,
					"3": 4.0
				}
			}
		],
		"silktouch": true,
		"dim": "Overworld"
	},
	{
		"block": "biomesoplenty:flower_0:8",
		"distrib": "0,0.0;62,0.0;63,1.171875E-4;64,0.0;66,0.0;67,3.90625E-5;68,1.5625E-4;69,0.0;70,0.0;71,2.34375E-4;72,1.5625E-4;73,2.734375E-4;74,7.8125E-5;75,0.0;",
		"dropsList": [
			{
				"itemStack": "biomesoplenty:flower_0:8",
				"fortunes": {
					"0": 1.0,
					"1": 1.0,
					"2": 1.0,
					"3": 1.0
				}
			}
		],
		"silktouch": false,
		"dim": "Overworld"
	},
	{
		"block": "minecraft:torch:0",
		"distrib": "0,0.0;17,0.0;18,3.90625E-5;19,0.0;21,0.0;22,7.8125E-5;23,0.0;25,0.0;26,3.90625E-5;29,3.90625E-5;30,0.0;",
		"dropsList": [
			{
				"itemStack": "minecraft:torch:0",
				"fortunes": {
					"0": 1.0,
					"1": 1.0,
					"2": 1.0,
					"3": 1.0
				}
			}
		],
		"silktouch": false,
		"dim": "Overworld"
	},
	{
		"block": "minecraft:yellow_flower:0",
		"distrib": "0,0.0;62,0.0;63,3.90625E-5;64,0.0;67,0.0;68,7.8125E-5;69,7.8125E-5;70,1.171875E-4;71,1.5625E-4;72,3.90625E-5;73,1.171875E-4;74,0.0;",
		"dropsList": [
			{
				"itemStack": "minecraft:yellow_flower:0",
				"fortunes": {
					"0": 1.0,
					"1": 1.0,
					"2": 1.0,
					"3": 1.0
				}
			}
		],
		"silktouch": false,
		"dim": "Overworld"
	},
	{
		"block": "minecraft:red_flower:8",
		"distrib": "0,0.0;62,0.0;63,1.171875E-4;64,0.0;",
		"dropsList": [
			{
				"itemStack": "minecraft:red_flower:8",
				"fortunes": {
					"0": 1.0,
					"1": 1.0,
					"2": 1.0,
					"3": 1.0
				}
			}
		],
		"silktouch": false,
		"dim": "Overworld"
	},
	{
		"block": "minecraft:red_mushroom:0",
		"distrib": "0,0.0;16,0.0;17,3.90625E-5;18,3.90625E-5;19,0.0;20,0.0;21,1.5625E-4;22,3.90625E-5;23,3.90625E-5;24,0.0;",
		"dropsList": [
			{
				"itemStack": "minecraft:red_mushroom:0",
				"fortunes": {
					"0": 1.0,
					"1": 1.0,
					"2": 1.0,
					"3": 1.0
				}
			}
		],
		"silktouch": false,
		"dim": "Overworld"
	},
	{
		"block": "minecraft:grass:0",
		"distrib": "0,0.0;61,0.0;62,0.02828125;63,0.04011719;64,0.001328125;65,0.008828125;66,0.0071484377;67,0.009765625;68,0.012617188;69,0.016835937;70,0.0175;71,0.018242188;72,0.021015625;73,0.008515625;74,0.0058203125;75,0.002734375;76,0.0019921875;77,8.203125E-4;78,7.421875E-4;79,5.078125E-4;80,0.0;",
		"dropsList": [
			{
				"itemStack": "minecraft:dirt:0",
				"fortunes": {
					"0": 1.0,
					"1": 1.0,
					"2": 1.0,
					"3": 1.0
				}
			}
		],
		"silktouch": true,
		"dim": "Overworld"
	},
	{
		"block": "minecraft:flowing_lava:0",
		"distrib": "0,0.0;9,0.0;10,2.734375E-4;11,0.0;",
		"silktouch": false,
		"dim": "Overworld"
	},
	{
		"block": "minecraft:coal_ore:0",
		"distrib": "0,0.0;1,0.002109375;2,0.0050390624;3,0.008867187;4,0.0126953125;5,0.015742188;6,0.015;7,0.01109375;8,0.008398438;9,0.00890625;10,0.009882812;11,0.0128125;12,0.016796876;13,0.016054688;14,0.014179688;15,0.0134375;16,0.014765625;17,0.01484375;18,0.01484375;19,0.013476563;20,0.013242188;21,0.010273438;22,0.013203125;23,0.0175;24,0.0146484375;25,0.01015625;26,0.010390625;27,0.014609375;28,0.014882812;29,0.012460938;30,0.013476563;31,0.0128125;32,0.010546875;33,0.0126953125;34,0.013671875;35,0.013671875;36,0.015117187;37,0.01203125;38,0.00828125;39,0.008046875;40,0.007265625;41,0.0076171877;42,0.009492188;43,0.008203125;44,0.008710938;45,0.009179687;46,0.008632813;47,0.0075;48,0.00609375;49,0.00546875;50,0.00546875;51,0.0075;52,0.008398438;53,0.008164062;54,0.0067578126;55,0.0045703123;56,0.004296875;57,0.0050390624;58,0.0062109376;59,0.0064453124;60,0.0063671875;61,0.005;62,0.0026171876;63,0.001796875;64,8.984375E-4;65,0.001015625;66,0.0016015625;67,0.0015625;68,7.421875E-4;69,5.859375E-4;70,4.6875E-4;71,1.953125E-4;72,0.0;",
		"dropsList": [
			{
				"itemStack": "minecraft:coal:0",
				"fortunes": {
					"0": 1.0,
					"1": 1.3292,
					"2": 1.7462,
					"3": 2.1829
				}
			}
		],
		"silktouch": true,
		"dim": "Overworld"
	},
	{
		"block": "minecraft:tallgrass:2",
		"distrib": "0,0.0;62,0.0;63,1.171875E-4;64,0.0;65,7.8125E-5;66,0.0;67,0.0;68,7.8125E-5;69,3.515625E-4;70,5.859375E-4;71,2.34375E-4;72,7.8125E-5;73,0.0;",
		"dropsList": [
			{
				"itemStack": "minecraft:wheat_seeds:0",
				"fortunes": {
					"0": 0.1301,
					"1": 0.2469,
					"2": 0.3666,
					"3": 0.4868
				}
			}
		],
		"silktouch": false,
		"dim": "Overworld"
	},
	{
		"block": "minecraft:stone:5",
		"distrib": "0,0.0;1,0.007265625;2,0.013242188;3,0.02109375;4,0.029921874;5,0.036445312;6,0.037617188;7,0.04078125;8,0.04480469;9,0.047226563;10,0.044296876;11,0.042460937;12,0.038554687;13,0.038398437;14,0.043476563;15,0.048515625;16,0.051679686;17,0.049335938;18,0.04855469;19,0.052226562;20,0.056875;21,0.05890625;22,0.05707031;23,0.047460936;24,0.042304687;25,0.047070313;26,0.053828124;27,0.055273436;28,0.053867187;29,0.053359374;30,0.050273437;31,0.046640623;32,0.046875;33,0.042304687;34,0.040195312;35,0.036015626;36,0.036015626;37,0.042382814;38,0.046328124;39,0.050195314;40,0.046640623;41,0.0440625;42,0.04089844;43,0.035742186;44,0.030078124;45,0.026953125;46,0.026132813;47,0.028007813;48,0.02625;49,0.025703125;50,0.022773437;51,0.018984376;52,0.014414063;53,0.018164063;54,0.018203124;55,0.02125;56,0.021953125;57,0.019765625;58,0.016328124;59,0.01421875;60,0.014492188;61,0.016054688;62,0.016132813;63,0.01265625;64,0.0061328127;65,0.0053125;66,0.0037890626;67,0.0041796877;68,0.0041796877;69,0.00203125;70,0.0013671875;71,8.59375E-4;72,6.25E-4;73,4.296875E-4;74,1.5625E-4;75,0.0;",
		"dropsList": [
			{
				"itemStack": "minecraft:stone:5",
				"fortunes": {
					"0": 1.0,
					"1": 1.0,
					"2": 1.0,
					"3": 1.0
				}
			}
		],
		"silktouch": true,
		"dim": "Overworld"
	},
	{
		"block": "minecraft:lava:0",
		"distrib": "0,0.0;1,0.0;2,0.00265625;3,0.004140625;4,0.0052734376;5,0.005078125;6,0.004140625;7,0.0025;8,0.0018359375;9,0.0028515626;10,0.006171875;11,0.0;12,3.90625E-5;13,0.0;14,7.8125E-5;15,0.0;16,0.0;17,7.8125E-5;18,3.90625E-5;19,7.8125E-5;20,4.296875E-4;21,0.0018359375;22,5.46875E-4;23,0.002578125;24,0.0;25,3.90625E-5;26,0.0;27,0.0;28,3.90625E-5;29,3.90625E-5;30,0.0;33,0.0;34,3.90625E-5;35,0.0;52,0.0;53,0.001796875;54,0.0037890626;55,0.0;57,0.0;58,3.90625E-5;59,0.0;",
		"silktouch": false,
		"dim": "Overworld"
	},
	{
		"block": "minecraft:tallgrass:1",
		"distrib": "0,0.0;62,0.0;63,0.001796875;64,0.0;65,3.90625E-5;66,3.90625E-5;67,0.0;70,0.0;71,7.8125E-5;72,1.5625E-4;73,3.515625E-4;74,1.953125E-4;75,3.125E-4;76,7.8125E-5;77,0.0;",
		"dropsList": [
			{
				"itemStack": "minecraft:wheat_seeds:0",
				"fortunes": {
					"0": 0.1298,
					"1": 0.2525,
					"2": 0.3877,
					"3": 0.5098
				}
			}
		],
		"silktouch": false,
		"dim": "Overworld"
	},
	{
		"block": "minecraft:stone:3",
		"distrib": "0,0.0;1,0.010703125;2,0.020664062;3,0.031367186;4,0.037890624;5,0.04503906;6,0.0459375;7,0.045742188;8,0.04625;9,0.0459375;10,0.045742188;11,0.04472656;12,0.041015625;13,0.03609375;14,0.034609374;15,0.035898436;16,0.035546876;17,0.040664062;18,0.04453125;19,0.04828125;20,0.05347656;21,0.052109376;22,0.047070313;23,0.039570313;24,0.04082031;25,0.045859374;26,0.053710938;27,0.054335937;28,0.041953124;29,0.03484375;30,0.036953125;31,0.0425;32,0.045;33,0.040507812;34,0.03636719;35,0.03515625;36,0.03683594;37,0.036054686;38,0.038085938;39,0.036640625;40,0.035039064;41,0.02921875;42,0.030429687;43,0.039101563;44,0.040078126;45,0.040546875;46,0.033125;47,0.025507813;48,0.022265624;49,0.021171875;50,0.02171875;51,0.020820312;52,0.019492187;53,0.01734375;54,0.01671875;55,0.017148437;56,0.016875;57,0.0171875;58,0.016640626;59,0.015429688;60,0.014179688;61,0.011992187;62,0.011445313;63,0.0062109376;64,0.003671875;65,0.0021484375;66,8.59375E-4;67,0.001953125;68,0.0021875;69,0.002265625;70,6.640625E-4;71,1.171875E-4;72,2.34375E-4;73,3.90625E-4;74,3.90625E-4;75,1.953125E-4;76,0.0;",
		"dropsList": [
			{
				"itemStack": "minecraft:stone:3",
				"fortunes": {
					"0": 1.0,
					"1": 1.0,
					"2": 1.0,
					"3": 1.0
				}
			}
		],
		"silktouch": true,
		"dim": "Overworld"
	},
	{
		"block": "minecraft:rail:0",
		"distrib": "0,0.0;8,0.0;9,3.90625E-5;10,0.0;11,4.296875E-4;12,0.0;13,3.90625E-4;14,0.00125;15,5.859375E-4;16,8.984375E-4;17,0.0;18,2.34375E-4;19,8.203125E-4;20,0.0015625;21,5.859375E-4;22,1.953125E-4;23,0.0017578125;24,4.6875E-4;25,2.734375E-4;26,0.0;27,4.296875E-4;28,8.203125E-4;29,0.0;32,0.0;33,2.734375E-4;34,0.0;",
		"dropsList": [
			{
				"itemStack": "minecraft:rail:0",
				"fortunes": {
					"0": 1.0,
					"1": 1.0,
					"2": 1.0,
					"3": 1.0
				}
			}
		],
		"silktouch": false,
		"dim": "Overworld"
	},
	{
		"block": "minecraft:flowing_water:1",
		"distrib": "0,0.0;8,0.0;9,7.8125E-5;10,0.0;11,0.0;12,7.8125E-5;13,3.90625E-5;14,3.90625E-5;15,0.0;17,0.0;18,3.90625E-5;19,7.8125E-5;20,3.90625E-5;21,1.171875E-4;22,3.90625E-5;23,3.90625E-5;24,0.0;25,3.90625E-5;26,1.171875E-4;27,1.171875E-4;28,3.90625E-5;30,3.90625E-5;31,0.0;32,7.8125E-5;33,0.0;34,0.0;35,3.90625E-5;36,0.0;",
		"silktouch": false,
		"dim": "Overworld"
	},
	{
		"block": "biomesoplenty:plant_0:5",
		"distrib": "0,0.0;62,0.0;63,2.34375E-4;64,0.0;",
		"dropsList": [
			{
				"itemStack": "biomesoplenty:berries:0",
				"fortunes": {
					"0": 1.0,
					"1": 1.0,
					"2": 1.0,
					"3": 1.0
				}
			}
		],
		"silktouch": false,
		"dim": "Overworld"
	},
	{
		"block": "biomesoplenty:plant_0:4",
		"distrib": "0,0.0;62,0.0;63,1.171875E-4;64,0.0;66,0.0;67,3.90625E-5;68,0.0;69,3.90625E-5;70,3.90625E-5;71,0.0;",
		"silktouch": false,
		"dim": "Overworld"
	},
	{
		"block": "biomesoplenty:plant_0:8",
		"distrib": "0,0.0;62,0.0;63,3.90625E-5;64,0.0;65,0.0;66,3.515625E-4;67,0.0;68,3.90625E-5;69,0.0;71,0.0;72,7.8125E-5;73,1.171875E-4;74,0.0;",
		"dropsList": [
			{
				"itemStack": "minecraft:wheat_seeds:0",
				"fortunes": {
					"0": 0.1235,
					"1": 0.2491,
					"2": 0.3943,
					"3": 0.4814
				}
			}
		],
		"silktouch": false,
		"dim": "Overworld"
	},
	{
		"block": "biomesoplenty:plant_0:7",
		"distrib": "0,0.0;62,0.0;63,5.46875E-4;64,7.8125E-5;65,0.0;",
		"dropsList": [
			{
				"itemStack": "minecraft:wheat_seeds:0",
				"fortunes": {
					"0": 0.1235,
					"1": 0.2491,
					"2": 0.3943,
					"3": 0.4814
				}
			}
		],
		"silktouch": false,
		"dim": "Overworld"
	},
	{
		"block": "biomesoplenty:plant_0:6",
		"distrib": "0,0.0;62,0.0;63,3.90625E-5;64,0.0;70,0.0;71,7.8125E-5;72,3.90625E-5;73,7.8125E-5;74,0.0;",
		"silktouch": false,
		"dim": "Overworld"
	},
	{
		"block": "minecraft:stone:0",
		"distrib": "0,0.0;1,0.1584375;2,0.32433593;3,0.47566405;4,0.63683593;5,0.7958594;6,0.79460937;7,0.7969922;8,0.78308594;9,0.77496094;10,0.78222656;11,0.78234375;12,0.7821484;13,0.7803516;14,0.77027345;15,0.7570703;16,0.7467578;17,0.74832034;18,0.75199217;19,0.73941404;20,0.7169922;21,0.70640624;22,0.69992185;23,0.7228125;24,0.7361719;25,0.74140626;26,0.7367578;27,0.73371094;28,0.7332031;29,0.7487891;30,0.7496875;31,0.7374609;32,0.71351564;33,0.70140624;34,0.68777347;35,0.68152344;36,0.6689063;37,0.6658594;38,0.67210937;39,0.67296875;40,0.6699609;41,0.66660154;42,0.63777345;43,0.5971094;44,0.5708984;45,0.54941404;46,0.51394534;47,0.44746095;48,0.38828126;49,0.39328125;50,0.39941406;51,0.4013672;52,0.39777344;53,0.386875;54,0.3835547;55,0.37734374;56,0.36382812;57,0.34179688;58,0.32925782;59,0.31402344;60,0.26132813;61,0.21796875;62,0.17980468;63,0.13683593;64,0.09765625;65,0.091171876;66,0.0759375;67,0.055234376;68,0.0421875;69,0.027421875;70,0.01421875;71,0.008984375;72,0.004921875;73,0.003125;74,0.0019921875;75,0.0014453125;76,8.59375E-4;77,3.90625E-4;78,1.953125E-4;79,0.0;",
		"dropsList": [
			{
				"itemStack": "minecraft:cobblestone:0",
				"fortunes": {
					"0": 1.0,
					"1": 1.0,
					"2": 1.0,
					"3": 1.0
				}
			}
		],
		"silktouch": true,
		"dim": "Overworld"
	},
	{
		"block": "minecraft:gold_ore:0",
		"distrib": "0,0.0;1,5.078125E-4;2,0.001015625;3,0.0010546875;4,0.0012890626;5,0.0015234374;6,0.0025390624;7,0.002265625;8,0.001328125;9,0.00171875;10,0.001640625;11,0.0016796875;12,0.0016796875;13,0.001171875;14,0.00140625;15,0.0013671875;16,8.59375E-4;17,0.00125;18,0.00140625;19,0.0018359375;20,0.002578125;21,0.001796875;22,0.0016015625;23,0.0012890626;24,0.0013671875;25,0.00140625;26,0.0015625;27,0.0015234374;28,0.0017578125;29,0.001484375;30,0.0013671875;31,3.90625E-4;32,0.0;",
		"dropsList": [
			{
				"itemStack": "minecraft:gold_ore:0",
				"fortunes": {
					"0": 1.0,
					"1": 1.0,
					"2": 1.0,
					"3": 1.0
				}
			}
		],
		"silktouch": true,
		"dim": "Overworld"
	},
	{
		"block": "biomesoplenty:coral:4",
		"distrib": "0,0.0;41,0.0;42,7.8125E-5;43,1.5625E-4;44,2.734375E-4;45,5.078125E-4;46,3.125E-4;47,3.90625E-5;48,0.0;",
		"dropsList": [
			{
				"itemStack": "biomesoplenty:coral:4",
				"fortunes": {
					"0": 1.0,
					"1": 1.0,
					"2": 1.0,
					"3": 1.0
				}
			}
		],
		"silktouch": false,
		"dim": "Overworld"
	},
	{
		"block": "minecraft:stone:1",
		"distrib": "0,0.0;1,0.007265625;2,0.016601562;3,0.027929688;4,0.038046874;5,0.044257812;6,0.04082031;7,0.04125;8,0.04625;9,0.047695313;10,0.047734376;11,0.044296876;12,0.046875;13,0.048476562;14,0.044257812;15,0.03875;16,0.036132812;17,0.042382814;18,0.051054686;19,0.049765624;20,0.049140625;21,0.050820313;22,0.049648438;23,0.047773436;24,0.037421875;25,0.03890625;26,0.046367187;27,0.055429686;28,0.058476564;29,0.0521875;30,0.046679687;31,0.04140625;32,0.035351563;33,0.033710938;34,0.041523438;35,0.045898438;36,0.051054686;37,0.049140625;38,0.04042969;39,0.032539062;40,0.029101562;41,0.028164063;42,0.02859375;43,0.027734375;44,0.025546875;45,0.024960937;46,0.025703125;47,0.025039062;48,0.022109374;49,0.020390624;50,0.019140625;51,0.016953126;52,0.021640625;53,0.022382813;54,0.021445312;55,0.017421875;56,0.0184375;57,0.019648438;58,0.01828125;59,0.016875;60,0.01203125;61,0.010898437;62,0.007421875;63,0.003671875;64,0.0034765624;65,0.006484375;66,0.008046875;67,0.0073828124;68,0.0044140625;69,0.0016015625;70,8.984375E-4;71,7.03125E-4;72,3.125E-4;73,0.0;",
		"dropsList": [
			{
				"itemStack": "minecraft:stone:1",
				"fortunes": {
					"0": 1.0,
					"1": 1.0,
					"2": 1.0,
					"3": 1.0
				}
			}
		],
		"silktouch": true,
		"dim": "Overworld"
	},
	{
		"block": "biomesoplenty:coral:3",
		"distrib": "0,0.0;36,0.0;37,3.90625E-5;38,7.8125E-5;39,0.0;40,1.171875E-4;41,3.125E-4;42,4.6875E-4;43,7.03125E-4;44,0.002265625;45,0.0044140625;46,0.001640625;47,3.125E-4;48,0.0;",
		"dropsList": [
			{
				"itemStack": "biomesoplenty:coral:3",
				"fortunes": {
					"0": 1.0,
					"1": 1.0,
					"2": 1.0,
					"3": 1.0
				}
			}
		],
		"silktouch": false,
		"dim": "Overworld"
	},
	{
		"block": "biomesoplenty:coral:2",
		"distrib": "0,0.0;38,0.0;39,1.5625E-4;40,2.34375E-4;41,7.8125E-5;42,5.46875E-4;43,8.203125E-4;44,0.0020703124;45,0.00640625;46,0.001953125;47,5.078125E-4;48,0.0;",
		"dropsList": [
			{
				"itemStack": "biomesoplenty:coral:2",
				"fortunes": {
					"0": 1.0,
					"1": 1.0,
					"2": 1.0,
					"3": 1.0
				}
			}
		],
		"silktouch": false,
		"dim": "Overworld"
	},
	{
		"block": "biomesoplenty:seaweed:0",
		"distrib": "0,0.0;41,0.0;42,1.171875E-4;43,3.125E-4;44,6.640625E-4;45,7.8125E-4;46,8.59375E-4;47,7.8125E-4;48,0.0;",
		"dropsList": [
			{
				"itemStack": "biomesoplenty:seaweed:0",
				"fortunes": {
					"0": 1.0,
					"1": 1.0,
					"2": 1.0,
					"3": 1.0
				}
			}
		],
		"silktouch": false,
		"dim": "Overworld"
	},
	{
		"block": "biomesoplenty:coral:1",
		"distrib": "0,0.0;39,0.0;40,3.90625E-5;41,1.953125E-4;42,4.6875E-4;43,6.25E-4;44,0.00125;45,0.0021875;46,0.00125;47,7.8125E-5;48,0.0;",
		"dropsList": [
			{
				"itemStack": "biomesoplenty:coral:1",
				"fortunes": {
					"0": 1.0,
					"1": 1.0,
					"2": 1.0,
					"3": 1.0
				}
			}
		],
		"silktouch": false,
		"dim": "Overworld"
	},
	{
		"block": "biomesoplenty:coral:0",
		"distrib": "0,0.0;39,0.0;40,1.171875E-4;41,3.90625E-4;42,3.125E-4;43,8.203125E-4;44,0.0014453125;45,0.0031640625;46,0.0019921875;47,3.515625E-4;48,0.0;",
		"dropsList": [
			{
				"itemStack": "biomesoplenty:coral:0",
				"fortunes": {
					"0": 1.0,
					"1": 1.0,
					"2": 1.0,
					"3": 1.0
				}
			}
		],
		"silktouch": false,
		"dim": "Overworld"
	},
	{
		"block": "minecraft:flowing_lava:2",
		"distrib": "0,0.0;8,0.0;9,3.90625E-5;10,0.0;13,0.0;14,7.8125E-5;15,0.0;16,0.0;17,7.8125E-5;18,3.90625E-5;19,7.8125E-5;20,0.0;22,0.0;23,7.8125E-5;24,0.0;25,3.90625E-5;26,0.0;27,0.0;28,3.90625E-5;29,3.90625E-5;30,0.0;33,0.0;34,3.90625E-5;35,0.0;57,0.0;58,3.90625E-5;59,0.0;",
		"silktouch": false,
		"dim": "Overworld"
	},
	{
		"block": "minecraft:redstone_ore:0",
		"distrib": "0,0.0;1,0.001796875;2,0.0034375;3,0.005859375;4,0.008085937;5,0.010390625;6,0.009335938;7,0.008867187;8,0.01015625;9,0.009882812;10,0.008203125;11,0.008515625;12,0.010039062;13,0.009960937;14,0.005546875;15,5.46875E-4;16,0.0;",
		"dropsList": [
			{
				"itemStack": "minecraft:redstone:0",
				"fortunes": {
					"0": 4.493,
					"1": 4.9909,
					"2": 5.5127,
					"3": 5.9754
				}
			}
		],
		"silktouch": true,
		"dim": "Overworld"
	},
	{
		"block": "minecraft:dirt:0",
		"distrib": "0,0.0;1,0.00390625;2,0.006328125;3,0.007929687;4,0.009609375;5,0.015585938;6,0.017773438;7,0.0196875;8,0.022929687;9,0.023710938;10,0.022226563;11,0.020195313;12,0.013632813;13,0.012539063;14,0.011445313;15,0.011679688;16,0.017070312;17,0.018476563;18,0.01875;19,0.017109375;20,0.01171875;21,0.016796876;22,0.0107421875;23,0.009179687;24,0.008632813;25,0.008203125;26,0.009335938;27,0.0128125;28,0.014960937;29,0.015664063;30,0.016210938;31,0.015546875;32,0.015625;33,0.013632813;34,0.01390625;35,0.015820313;36,0.017421875;37,0.016875;38,0.013203125;39,0.00953125;40,0.011367188;41,0.0140625;42,0.022734376;43,0.031132812;44,0.01578125;45,0.0096875;46,0.009414063;47,0.009960937;48,0.008828125;49,0.006796875;50,0.006015625;51,0.0084375;52,0.013203125;53,0.019648438;54,0.016289063;55,0.018476563;56,0.022929687;57,0.037890624;58,0.04957031;59,0.058828127;60,0.06863281;61,0.08933594;62,0.08734375;63,0.0940625;64,0.016328124;65,0.014726562;66,0.02453125;67,0.03699219;68,0.0415625;69,0.045078125;70,0.0446875;71,0.033554688;72,0.016835937;73,0.009804687;74,0.0052734376;75,0.0033203126;76,0.00203125;77,0.001640625;78,0.0010546875;79,7.421875E-4;80,0.0;",
		"dropsList": [
			{
				"itemStack": "minecraft:dirt:0",
				"fortunes": {
					"0": 1.0,
					"1": 1.0,
					"2": 1.0,
					"3": 1.0
				}
			}
		],
		"silktouch": true,
		"dim": "Overworld"
	},
	{
		"block": "minecraft:mob_spawner:0",
		"distrib": "0,0.0;13,0.0;14,3.90625E-5;15,7.8125E-5;16,0.0;20,0.0;21,3.90625E-5;22,0.0;24,0.0;25,3.90625E-5;26,0.0;",
		"silktouch": false,
		"dim": "Overworld"
	},
	{
		"block": "minecraft:leaves:1",
		"distrib": "0,0.0;67,0.0;68,3.90625E-5;69,3.125E-4;70,1.953125E-4;71,0.001875;72,0.0038671875;73,0.007109375;74,0.009492188;75,0.011328125;76,0.010273438;77,0.0126953125;78,0.009179687;79,0.0077734375;80,0.0;",
		"dropsList": [
			{
				"itemStack": "minecraft:sapling:1",
				"fortunes": {
					"0": 0.049,
					"1": 0.0607,
					"2": 0.0759,
					"3": 0.1021
				}
			}
		],
		"silktouch": true,
		"dim": "Overworld"
	},
	{
		"block": "minecraft:web:0",
		"distrib": "0,0.0;5,0.0;6,3.90625E-5;7,0.0;9,0.0;10,3.90625E-5;11,1.171875E-4;12,3.90625E-5;13,1.5625E-4;14,5.46875E-4;15,0.0021484375;16,0.0020703124;17,5.859375E-4;18,4.296875E-4;19,2.734375E-4;20,1.953125E-4;21,0.001171875;22,0.001640625;23,5.46875E-4;24,5.46875E-4;25,0.0010546875;26,8.984375E-4;27,3.90625E-4;28,3.90625E-5;29,7.8125E-5;30,3.125E-4;31,0.0;34,0.0;35,7.8125E-5;36,0.0;",
		"dropsList": [
			{
				"itemStack": "minecraft:string:0",
				"fortunes": {
					"0": 1.0,
					"1": 1.0,
					"2": 1.0,
					"3": 1.0
				}
			}
		],
		"silktouch": true,
		"dim": "Overworld"
	},
	{
		"block": "randomthings:beanSprout:0",
		"distrib": "0,0.0;62,0.0;63,7.8125E-5;64,0.0;67,0.0;68,3.90625E-5;69,3.90625E-5;70,0.0;71,0.0;72,1.5625E-4;73,0.0;74,3.90625E-5;75,0.0;",
		"dropsList": [
			{
				"itemStack": "randomthings:beans:0",
				"fortunes": {
					"0": 1.0,
					"1": 1.0,
					"2": 1.0,
					"3": 1.0
				}
			}
		],
		"silktouch": false,
		"dim": "Overworld"
	},
	{
		"block": "minecraft:log:0",
		"distrib": "0,0.0;62,0.0;63,7.8125E-4;64,1.5625E-4;65,1.953125E-4;66,4.6875E-4;67,5.078125E-4;68,5.46875E-4;69,4.296875E-4;70,4.6875E-4;71,4.296875E-4;72,4.6875E-4;73,6.25E-4;74,5.859375E-4;75,6.640625E-4;76,7.03125E-4;77,7.03125E-4;78,5.46875E-4;79,3.515625E-4;80,0.0;",
		"dropsList": [
			{
				"itemStack": "minecraft:log:0",
				"fortunes": {
					"0": 1.0,
					"1": 1.0,
					"2": 1.0,
					"3": 1.0
				}
			}
		],
		"silktouch": true,
		"dim": "Overworld"
	},
	{
		"block": "minecraft:log:1",
		"distrib": "0,0.0;62,0.0;63,3.90625E-5;64,0.0;67,0.0;68,1.953125E-4;69,3.125E-4;70,5.859375E-4;71,8.59375E-4;72,0.001171875;73,0.001484375;74,0.0015234374;75,0.001484375;76,0.0013671875;77,0.001171875;78,9.765625E-4;79,7.03125E-4;80,0.0;",
		"dropsList": [
			{
				"itemStack": "minecraft:log:1",
				"fortunes": {
					"0": 1.0,
					"1": 1.0,
					"2": 1.0,
					"3": 1.0
				}
			}
		],
		"silktouch": true,
		"dim": "Overworld"
	},
	{
		"block": "biomesoplenty:double_plant:0",
		"distrib": "0,0.0;62,0.0;63,7.8125E-5;64,0.0;71,0.0;72,3.90625E-5;73,0.0;",
		"silktouch": false,
		"dim": "Overworld"
	},
	{
		"block": "biomesoplenty:stone_formations:0",
		"distrib": "0,0.0;9,0.0;10,7.8125E-5;11,5.46875E-4;12,8.984375E-4;13,0.001171875;14,0.002109375;15,0.003125;16,0.003671875;17,0.003203125;18,0.001484375;19,0.0015625;20,0.00203125;21,0.00203125;22,0.00296875;23,0.003515625;24,0.003671875;25,0.003046875;26,0.0026171876;27,0.002421875;28,0.00234375;29,0.0021484375;30,0.00171875;31,0.00109375;32,0.0010546875;33,0.0012109375;34,0.0013671875;35,0.001015625;36,7.03125E-4;37,6.25E-4;38,4.296875E-4;39,1.171875E-4;40,1.5625E-4;41,2.34375E-4;42,3.515625E-4;43,4.6875E-4;44,2.734375E-4;45,1.953125E-4;46,1.953125E-4;47,2.34375E-4;48,3.125E-4;49,1.953125E-4;50,1.953125E-4;51,0.0;53,0.0;54,3.90625E-5;55,1.171875E-4;56,2.34375E-4;57,2.34375E-4;58,1.171875E-4;59,3.90625E-5;60,0.0;",
		"silktouch": false,
		"dim": "Overworld"
	},
	{
		"block": "biomesoplenty:double_plant:8",
		"distrib": "0,0.0;63,0.0;64,7.8125E-5;65,0.0;72,0.0;73,3.90625E-5;74,0.0;",
		"silktouch": false,
		"dim": "Overworld"
	},
	{
		"block": "biomesoplenty:flower_1:3",
		"distrib": "0,0.0;19,0.0;20,7.8125E-5;21,3.90625E-5;22,0.0;27,0.0;28,3.90625E-5;29,0.0;32,0.0;33,3.90625E-5;34,3.90625E-5;35,0.0;",
		"dropsList": [
			{
				"itemStack": "biomesoplenty:flower_1:3",
				"fortunes": {
					"0": 1.0,
					"1": 1.0,
					"2": 1.0,
					"3": 1.0
				}
			}
		],
		"silktouch": false,
		"dim": "Overworld"
	},
	{
		"block": "minecraft:brown_mushroom:0",
		"distrib": "0,0.0;20,0.0;21,3.90625E-5;22,0.0;42,0.0;43,3.90625E-5;44,0.0;62,0.0;63,3.90625E-5;64,0.0;70,0.0;71,3.90625E-5;75,3.90625E-5;76,0.0;",
		"dropsList": [
			{
				"itemStack": "minecraft:brown_mushroom:0",
				"fortunes": {
					"0": 1.0,
					"1": 1.0,
					"2": 1.0,
					"3": 1.0
				}
			}
		],
		"silktouch": false,
		"dim": "Overworld"
	}
]